000004.jpg, 15, 313, 85, 363, 7
000004.jpg, 363, 320, 499, 395, 7
000004.jpg, 228, 334, 324, 373, 7
000004.jpg, 174, 324, 235, 363, 7
000004.jpg, 146, 328, 183, 357, 7
000004.jpg, 84, 331, 145, 352, 7
000014.jpg, 186, 184, 499, 319, 7
000071.jpg, 37, 94, 447, 276, 7
000074.jpg, 137, 76, 415, 302, 7
000074.jpg, 56, 75, 193, 169, 7
000074.jpg, 359, 59, 474, 203, 7
000082.jpg, 20, 95, 493, 288, 7
000082.jpg, 0, 0, 196, 90, 7
000103.jpg, 95, 219, 139, 251, 7
000103.jpg, 1, 237, 42, 277, 7
000103.jpg, 34, 225, 92, 261, 7
000135.jpg, 202, 193, 331, 259, 7
000137.jpg, 91, 431, 172, 479, 7
000152.jpg, 106, 76, 415, 294, 7
000152.jpg, 300, 97, 429, 140, 7
000152.jpg, 426, 99, 499, 143, 7
000152.jpg, 40, 99, 119, 148, 7
000172.jpg, 29, 62, 439, 319, 7
000188.jpg, 44, 147, 132, 199, 7
000188.jpg, 366, 145, 499, 215, 7
000197.jpg, 18, 62, 499, 277, 7
000240.jpg, 256, 176, 435, 234, 7
000240.jpg, 58, 161, 137, 225, 7
000240.jpg, 177, 152, 206, 172, 7
000240.jpg, 255, 157, 290, 175, 7
000252.jpg, 186, 163, 296, 244, 7
000254.jpg, 174, 252, 476, 332, 7
000254.jpg, 4, 230, 225, 332, 7
000254.jpg, 142, 247, 226, 314, 7
000271.jpg, 407, 182, 483, 228, 7
000284.jpg, 214, 59, 435, 260, 7
000284.jpg, 410, 71, 494, 131, 7
000284.jpg, 408, 188, 445, 226, 7
000293.jpg, 8, 91, 438, 320, 7
000293.jpg, 66, 58, 127, 104, 7
000300.jpg, 45, 178, 324, 435, 7
000301.jpg, 13, 286, 372, 480, 7
000301.jpg, 11, 314, 78, 363, 7
000313.jpg, 360, 203, 417, 246, 7
000313.jpg, 425, 207, 484, 243, 7
000313.jpg, 212, 196, 259, 239, 7
000313.jpg, 134, 198, 192, 238, 7
000313.jpg, 280, 197, 333, 247, 7
000313.jpg, 77, 195, 136, 233, 7
000313.jpg, 12, 193, 81, 233, 7
000341.jpg, 47, 146, 188, 217, 7
000341.jpg, 193, 128, 308, 222, 7
000341.jpg, 389, 183, 499, 300, 7
000341.jpg, 0, 215, 103, 336, 7
000351.jpg, 53, 63, 320, 150, 7
000358.jpg, 77, 90, 387, 281, 7
000361.jpg, 216, 183, 280, 231, 7
000361.jpg, 460, 120, 499, 143, 7
000390.jpg, 44, 52, 485, 377, 7
000390.jpg, 411, 127, 440, 156, 7
000402.jpg, 1, 181, 401, 329, 7
000402.jpg, 0, 156, 138, 217, 7
000415.jpg, 16, 99, 488, 284, 7
000425.jpg, 26, 53, 499, 332, 7
000440.jpg, 67, 95, 465, 298, 7
000453.jpg, 12, 119, 461, 303, 7
000465.jpg, 0, 119, 499, 314, 7
000471.jpg, 22, 60, 474, 359, 7
000488.jpg, 39, 113, 477, 301, 7
000505.jpg, 175, 157, 385, 293, 7
000505.jpg, 205, 83, 417, 193, 7
000507.jpg, 0, 222, 483, 374, 7
000548.jpg, 0, 189, 460, 316, 7
000580.jpg, 265, 141, 393, 211, 7
000585.jpg, 0, 13, 484, 311, 7
000586.jpg, 163, 335, 297, 442, 7
000593.jpg, 82, 71, 389, 255, 7
000593.jpg, 307, 43, 499, 214, 7
000593.jpg, 34, 114, 76, 156, 7
000607.jpg, 207, 146, 450, 304, 7
000607.jpg, 6, 149, 73, 301, 7
000624.jpg, 9, 65, 485, 304, 7
000634.jpg, 247, 154, 405, 235, 7
000646.jpg, 50, 29, 446, 362, 7
000646.jpg, 0, 32, 75, 216, 7
000646.jpg, 389, 60, 499, 241, 7
000649.jpg, 14, 198, 272, 349, 7
000669.jpg, 314, 198, 412, 247, 7
000669.jpg, 413, 202, 499, 330, 7
000679.jpg, 88, 120, 471, 280, 7
000687.jpg, 83, 43, 499, 301, 7
000687.jpg, 283, 27, 330, 67, 7
000687.jpg, 342, 36, 499, 207, 7
000687.jpg, 352, 47, 495, 72, 7
000687.jpg, 18, 39, 60, 65, 7
000693.jpg, 290, 180, 499, 287, 7
000693.jpg, 174, 176, 225, 239, 7
000715.jpg, 20, 110, 461, 347, 7
000721.jpg, 71, 138, 428, 270, 7
000724.jpg, 44, 73, 499, 333, 7
000727.jpg, 0, 372, 94, 433, 7
000736.jpg, 26, 59, 499, 332, 7
000743.jpg, 40, 299, 87, 317, 7
000747.jpg, 41, 16, 449, 322, 7
000757.jpg, 34, 45, 499, 332, 7
000778.jpg, 73, 111, 460, 241, 7
000788.jpg, 3, 11, 31, 32, 7
000788.jpg, 56, 10, 78, 38, 7
000801.jpg, 44, 136, 237, 214, 7
000809.jpg, 29, 118, 499, 272, 7
000809.jpg, 0, 115, 142, 219, 7
000844.jpg, 65, 79, 391, 289, 7
000881.jpg, 243, 160, 426, 251, 7
000883.jpg, 58, 83, 317, 274, 7
000932.jpg, 30, 104, 499, 294, 7
000945.jpg, 27, 88, 428, 243, 7
000961.jpg, 304, 124, 373, 173, 7
000984.jpg, 224, 302, 329, 349, 7
000984.jpg, 0, 326, 40, 362, 7
000984.jpg, 182, 314, 231, 356, 7
000985.jpg, 6, 0, 492, 356, 7
001003.jpg, 86, 86, 373, 284, 7
001005.jpg, 34, 146, 275, 252, 7
001022.jpg, 7, 131, 440, 298, 7
001034.jpg, 187, 203, 455, 322, 7
001058.jpg, 54, 107, 444, 240, 7
001085.jpg, 90, 14, 461, 307, 7
001090.jpg, 19, 151, 499, 290, 7
001111.jpg, 92, 245, 178, 290, 7
001111.jpg, 388, 242, 424, 268, 7
001135.jpg, 146, 83, 380, 280, 7
001198.jpg, 7, 40, 406, 373, 7
001222.jpg, 102, 179, 487, 367, 7
001222.jpg, 80, 152, 245, 218, 7
001252.jpg, 44, 86, 414, 332, 7
001267.jpg, 316, 202, 497, 303, 7
001267.jpg, 127, 202, 181, 241, 7
001280.jpg, 53, 84, 479, 284, 7
001283.jpg, 237, 150, 381, 192, 7
001291.jpg, 4, 19, 499, 342, 7
001308.jpg, 93, 65, 484, 374, 7
001308.jpg, 395, 47, 467, 109, 7
001321.jpg, 7, 69, 397, 298, 7
001331.jpg, 77, 19, 424, 325, 7
001331.jpg, 445, 121, 499, 223, 7
001331.jpg, 365, 120, 463, 201, 7
001335.jpg, 0, 186, 89, 267, 7
001356.jpg, 12, 76, 489, 290, 7
001358.jpg, 341, 2, 400, 49, 7
001369.jpg, 22, 56, 332, 462, 7
001369.jpg, 12, 45, 322, 178, 7
001376.jpg, 383, 241, 426, 267, 7
001379.jpg, 25, 50, 439, 353, 7
001382.jpg, 93, 229, 293, 329, 7
001382.jpg, 416, 256, 499, 331, 7
001382.jpg, 294, 256, 433, 329, 7
001382.jpg, 24, 234, 54, 280, 7
001382.jpg, 338, 224, 476, 280, 7
001382.jpg, 281, 243, 324, 286, 7
001394.jpg, 124, 47, 498, 295, 7
001422.jpg, 55, 95, 446, 274, 7
001428.jpg, 244, 152, 345, 220, 7
001435.jpg, 0, 266, 246, 342, 7
001435.jpg, 401, 164, 490, 215, 7
001435.jpg, 308, 165, 370, 210, 7
001435.jpg, 10, 172, 96, 210, 7
001435.jpg, 236, 230, 469, 310, 7
001435.jpg, 138, 196, 316, 267, 7
001435.jpg, 156, 174, 228, 220, 7
001435.jpg, 205, 170, 308, 211, 7
001476.jpg, 1, 99, 57, 137, 7
001491.jpg, 112, 95, 423, 256, 7
001491.jpg, 0, 88, 186, 223, 7
001491.jpg, 443, 104, 499, 263, 7
001511.jpg, 12, 36, 497, 253, 7
001525.jpg, 153, 147, 324, 220, 7
001535.jpg, 227, 138, 398, 231, 7
001550.jpg, 24, 59, 499, 345, 7
001552.jpg, 5, 52, 474, 363, 7
001552.jpg, 4, 60, 122, 246, 7
001560.jpg, 61, 87, 424, 349, 7
001569.jpg, 266, 136, 341, 166, 7
001572.jpg, 0, 106, 430, 355, 7
001605.jpg, 196, 226, 236, 260, 7
001605.jpg, 257, 231, 295, 254, 7
001605.jpg, 305, 231, 334, 256, 7
001616.jpg, 41, 193, 137, 262, 7
001619.jpg, 127, 4, 493, 165, 7
001623.jpg, 31, 90, 332, 435, 7
001623.jpg, 4, 188, 55, 232, 7
001658.jpg, 126, 55, 454, 336, 7
001658.jpg, 383, 43, 499, 182, 7
001658.jpg, 211, 22, 362, 75, 7
001658.jpg, 304, 32, 400, 93, 7
001700.jpg, 255, 143, 329, 190, 7
001701.jpg, 52, 0, 393, 271, 7
001770.jpg, 53, 332, 95, 360, 7
001776.jpg, 5, 101, 307, 314, 7
001804.jpg, 72, 30, 430, 322, 7
001820.jpg, 79, 91, 440, 313, 7
001838.jpg, 45, 38, 475, 320, 7
001846.jpg, 46, 125, 343, 332, 7
001851.jpg, 44, 64, 89, 102, 7
001863.jpg, 151, 75, 432, 290, 7
001873.jpg, 195, 79, 444, 227, 7
001883.jpg, 73, 53, 413, 301, 7
001891.jpg, 63, 35, 438, 357, 7
001908.jpg, 138, 50, 336, 254, 7
001913.jpg, 130, 93, 455, 224, 7
001913.jpg, 477, 129, 499, 185, 7
001919.jpg, 198, 77, 345, 210, 7
001923.jpg, 0, 128, 403, 319, 7
001923.jpg, 238, 105, 295, 139, 7
001924.jpg, 106, 90, 452, 271, 7
001924.jpg, 416, 97, 496, 264, 7
001935.jpg, 368, 179, 440, 215, 7
001942.jpg, 30, 17, 491, 318, 7
001951.jpg, 0, 39, 484, 306, 7
001956.jpg, 179, 122, 488, 281, 7
001965.jpg, 0, 32, 481, 408, 7
001991.jpg, 0, 92, 405, 309, 7
001991.jpg, 321, 79, 496, 200, 7
002040.jpg, 76, 46, 442, 348, 7
002041.jpg, 39, 163, 202, 306, 7
002057.jpg, 0, 38, 499, 311, 7
002118.jpg, 0, 135, 459, 329, 7
002118.jpg, 170, 118, 469, 205, 7
002118.jpg, 8, 89, 115, 150, 7
002141.jpg, 226, 129, 325, 174, 7
002141.jpg, 2, 143, 39, 184, 7
002141.jpg, 60, 135, 160, 178, 7
002143.jpg, 81, 42, 443, 272, 7
002149.jpg, 95, 178, 448, 283, 7
002154.jpg, 6, 77, 385, 298, 7
002154.jpg, 319, 90, 442, 174, 7
002154.jpg, 0, 89, 201, 214, 7
002154.jpg, 442, 91, 480, 125, 7
002177.jpg, 212, 183, 498, 302, 7
002177.jpg, 0, 171, 134, 312, 7
002177.jpg, 213, 181, 290, 265, 7
002177.jpg, 10, 181, 76, 222, 7
002185.jpg, 292, 18, 374, 75, 7
002210.jpg, 0, 111, 386, 374, 7
002232.jpg, 393, 235, 499, 281, 7
002232.jpg, 366, 222, 389, 240, 7
002242.jpg, 408, 132, 499, 198, 7
002242.jpg, 7, 125, 279, 333, 7
002245.jpg, 50, 195, 122, 260, 7
002245.jpg, 2, 204, 55, 252, 7
002245.jpg, 428, 186, 465, 216, 7
002271.jpg, 134, 100, 358, 200, 7
002294.jpg, 0, 72, 460, 374, 7
002319.jpg, 85, 129, 374, 416, 7
002331.jpg, 70, 42, 132, 103, 7
002331.jpg, 5, 43, 60, 104, 7
002331.jpg, 320, 50, 361, 90, 7
002346.jpg, 101, 81, 387, 286, 7
002349.jpg, 154, 159, 308, 251, 7
002358.jpg, 246, 203, 286, 227, 7
002383.jpg, 338, 175, 376, 205, 7
002383.jpg, 376, 177, 408, 201, 7
002383.jpg, 0, 203, 28, 252, 7
002402.jpg, 50, 58, 460, 224, 7
002402.jpg, 402, 8, 499, 81, 7
002406.jpg, 217, 163, 452, 239, 7
002416.jpg, 156, 144, 488, 322, 7
002424.jpg, 403, 216, 491, 285, 7
002446.jpg, 187, 149, 290, 237, 7
002446.jpg, 323, 152, 432, 235, 7
002446.jpg, 23, 148, 112, 234, 7
002484.jpg, 203, 252, 278, 284, 7
002484.jpg, 295, 251, 377, 287, 7
002484.jpg, 137, 252, 177, 273, 7
002484.jpg, 81, 253, 123, 274, 7
002517.jpg, 62, 71, 437, 337, 7
002522.jpg, 5, 62, 475, 270, 7
002522.jpg, 204, 33, 499, 159, 7
002526.jpg, 83, 115, 384, 232, 7
002531.jpg, 29, 81, 486, 345, 7
002531.jpg, 5, 89, 125, 207, 7
002532.jpg, 71, 166, 110, 202, 7
002532.jpg, 108, 177, 159, 205, 7
002543.jpg, 3, 254, 262, 332, 7
002543.jpg, 237, 250, 300, 302, 7
002543.jpg, 260, 247, 499, 332, 7
002548.jpg, 236, 114, 360, 214, 7
002548.jpg, 378, 110, 499, 208, 7
002548.jpg, 27, 81, 261, 252, 7
002556.jpg, 51, 0, 436, 311, 7
002562.jpg, 214, 94, 496, 317, 7
002577.jpg, 17, 53, 464, 306, 7
002583.jpg, 54, 259, 369, 366, 7
002602.jpg, 143, 0, 287, 49, 7
002607.jpg, 146, 120, 333, 201, 7
002610.jpg, 0, 236, 143, 321, 7
002622.jpg, 256, 291, 305, 325, 7
002622.jpg, 181, 298, 227, 332, 7
002622.jpg, 148, 300, 191, 325, 7
002622.jpg, 218, 299, 254, 326, 7
002622.jpg, 15, 309, 71, 332, 7
002681.jpg, 9, 183, 328, 450, 7
002701.jpg, 141, 265, 310, 325, 7
002701.jpg, 342, 257, 498, 324, 7
002703.jpg, 177, 201, 242, 232, 7
002729.jpg, 19, 36, 499, 322, 7
002733.jpg, 41, 50, 468, 277, 7
002746.jpg, 30, 90, 346, 170, 7
002758.jpg, 19, 167, 165, 252, 7
002790.jpg, 59, 257, 109, 306, 7
002793.jpg, 140, 250, 290, 291, 7
002793.jpg, 7, 252, 151, 315, 7
002808.jpg, 9, 125, 89, 209, 7
002808.jpg, 236, 98, 332, 246, 7
002814.jpg, 55, 209, 316, 377, 7
002829.jpg, 52, 61, 452, 309, 7
002840.jpg, 14, 107, 425, 289, 7
002871.jpg, 0, 237, 80, 283, 7
002900.jpg, 119, 122, 385, 239, 7
002927.jpg, 26, 36, 498, 309, 7
002961.jpg, 9, 7, 498, 304, 7
002993.jpg, 197, 213, 339, 304, 7
002993.jpg, 10, 4, 71, 25, 7
003006.jpg, 377, 186, 499, 280, 7
003006.jpg, 208, 201, 362, 258, 7
003006.jpg, 135, 200, 187, 237, 7
003006.jpg, 180, 207, 219, 247, 7
003006.jpg, 312, 204, 371, 248, 7
003033.jpg, 20, 229, 312, 410, 7
003046.jpg, 3, 78, 499, 330, 7
003052.jpg, 0, 62, 271, 187, 7
003055.jpg, 172, 124, 341, 189, 7
003070.jpg, 427, 173, 499, 243, 7
003070.jpg, 120, 181, 401, 360, 7
003070.jpg, 86, 166, 216, 228, 7
003070.jpg, 4, 168, 47, 215, 7
003101.jpg, 255, 167, 285, 189, 7
003109.jpg, 201, 159, 365, 260, 7
003143.jpg, 30, 62, 485, 242, 7
003168.jpg, 262, 29, 473, 209, 7
003179.jpg, 19, 202, 302, 321, 7
003217.jpg, 98, 114, 385, 242, 7
003220.jpg, 0, 232, 73, 297, 7
003220.jpg, 127, 235, 243, 287, 7
003220.jpg, 247, 244, 290, 286, 7
003220.jpg, 289, 247, 349, 283, 7
003220.jpg, 55, 243, 110, 293, 7
003220.jpg, 405, 237, 443, 270, 7
003257.jpg, 24, 27, 492, 218, 7
003265.jpg, 155, 221, 333, 372, 7
003276.jpg, 12, 108, 491, 342, 7
003289.jpg, 385, 205, 451, 250, 7
003289.jpg, 17, 216, 96, 244, 7
003306.jpg, 32, 117, 414, 280, 7
003321.jpg, 431, 148, 498, 190, 7
003321.jpg, 304, 165, 360, 188, 7
003328.jpg, 197, 148, 428, 329, 7
003334.jpg, 21, 116, 382, 272, 7
003348.jpg, 148, 212, 437, 356, 7
003348.jpg, 0, 258, 90, 305, 7
003348.jpg, 48, 258, 160, 305, 7
003353.jpg, 79, 116, 274, 242, 7
003357.jpg, 11, 59, 490, 285, 7
003357.jpg, 436, 54, 494, 131, 7
003364.jpg, 84, 105, 440, 312, 7
003375.jpg, 86, 100, 384, 292, 7
003385.jpg, 148, 77, 228, 137, 7
003385.jpg, 268, 126, 499, 331, 7
003385.jpg, 347, 85, 441, 137, 7
003385.jpg, 0, 92, 207, 331, 7
003387.jpg, 62, 104, 439, 249, 7
003405.jpg, 47, 120, 281, 245, 7
003414.jpg, 60, 129, 460, 317, 7
003414.jpg, 76, 129, 335, 189, 7
003434.jpg, 16, 165, 57, 194, 7
003456.jpg, 4, 6, 499, 316, 7
003460.jpg, 71, 126, 495, 284, 7
003481.jpg, 237, 282, 287, 324, 7
003481.jpg, 276, 266, 322, 300, 7
003483.jpg, 95, 153, 499, 325, 7
003486.jpg, 7, 127, 332, 476, 7
003486.jpg, 30, 102, 216, 182, 7
003501.jpg, 99, 35, 386, 304, 7
003503.jpg, 455, 187, 497, 231, 7
003503.jpg, 31, 188, 110, 249, 7
003512.jpg, 164, 104, 402, 210, 7
003515.jpg, 59, 62, 476, 335, 7
003517.jpg, 32, 140, 116, 225, 7
003517.jpg, 0, 153, 34, 206, 7
003523.jpg, 162, 138, 348, 267, 7
003527.jpg, 216, 282, 374, 417, 7
003527.jpg, 154, 265, 196, 285, 7
003545.jpg, 114, 16, 371, 229, 7
003552.jpg, 47, 128, 499, 283, 7
003553.jpg, 15, 103, 486, 344, 7
003559.jpg, 18, 202, 369, 324, 7
003570.jpg, 61, 136, 494, 362, 7
003578.jpg, 0, 166, 208, 292, 7
003578.jpg, 207, 148, 374, 318, 7
003578.jpg, 4, 168, 31, 191, 7
003578.jpg, 25, 173, 86, 201, 7
003607.jpg, 0, 11, 367, 498, 7
003630.jpg, 201, 139, 331, 205, 7
003631.jpg, 0, 96, 419, 340, 7
003631.jpg, 2, 72, 149, 163, 7
003661.jpg, 157, 296, 468, 437, 7
003666.jpg, 14, 38, 478, 298, 7
003677.jpg, 0, 54, 347, 261, 7
003677.jpg, 13, 195, 466, 399, 7
003683.jpg, 0, 7, 499, 374, 7
003692.jpg, 275, 185, 332, 230, 7
003692.jpg, 49, 190, 111, 231, 7
003692.jpg, 127, 196, 179, 226, 7
003692.jpg, 449, 189, 499, 224, 7
003692.jpg, 157, 203, 265, 231, 7
003701.jpg, 42, 262, 149, 339, 7
003718.jpg, 1, 11, 475, 282, 7
003719.jpg, 0, 0, 499, 370, 7
003733.jpg, 220, 97, 458, 252, 7
003733.jpg, 409, 147, 497, 225, 7
003733.jpg, 59, 86, 201, 268, 7
003769.jpg, 20, 119, 305, 368, 7
003769.jpg, 0, 106, 68, 141, 7
003810.jpg, 0, 115, 99, 260, 7
003815.jpg, 177, 110, 436, 214, 7
003833.jpg, 242, 11, 405, 78, 7
003878.jpg, 65, 0, 496, 374, 7
003893.jpg, 20, 114, 338, 279, 7
003904.jpg, 355, 147, 479, 311, 7
003916.jpg, 53, 65, 266, 247, 7
003917.jpg, 127, 8, 499, 252, 7
003940.jpg, 74, 85, 433, 192, 7
003940.jpg, 401, 113, 486, 178, 7
003962.jpg, 0, 2, 434, 346, 7
003967.jpg, 31, 147, 63, 172, 7
003967.jpg, 172, 170, 209, 212, 7
003967.jpg, 358, 199, 396, 236, 7
003967.jpg, 266, 128, 299, 144, 7
003967.jpg, 261, 215, 333, 281, 7
003967.jpg, 89, 121, 117, 137, 7
004026.jpg, 139, 151, 319, 313, 7
004030.jpg, 328, 197, 499, 323, 7
004043.jpg, 139, 101, 394, 271, 7
004050.jpg, 32, 11, 460, 330, 7
004071.jpg, 40, 32, 491, 350, 7
004080.jpg, 103, 102, 391, 230, 7
004088.jpg, 122, 325, 301, 401, 7
004097.jpg, 392, 145, 496, 205, 7
004097.jpg, 150, 80, 342, 275, 7
004107.jpg, 106, 262, 408, 358, 7
004115.jpg, 131, 192, 343, 309, 7
004154.jpg, 3, 213, 76, 297, 7
004154.jpg, 175, 220, 220, 252, 7
004172.jpg, 213, 293, 269, 328, 7
004183.jpg, 40, 60, 477, 374, 7
004183.jpg, 0, 70, 62, 125, 7
004187.jpg, 209, 304, 302, 357, 7
004188.jpg, 60, 125, 104, 169, 7
004188.jpg, 125, 156, 161, 219, 7
004216.jpg, 298, 185, 386, 258, 7
004217.jpg, 0, 75, 499, 295, 7
004240.jpg, 61, 378, 282, 459, 7
004240.jpg, 276, 397, 332, 439, 7
004245.jpg, 38, 146, 499, 374, 7
004249.jpg, 164, 162, 446, 248, 7
004249.jpg, 297, 110, 345, 130, 7
004254.jpg, 82, 111, 464, 291, 7
004254.jpg, 0, 110, 103, 207, 7
004290.jpg, 331, 189, 422, 273, 7
004290.jpg, 0, 194, 68, 292, 7
004305.jpg, 343, 272, 399, 310, 7
004313.jpg, 7, 165, 476, 425, 7
004320.jpg, 138, 148, 345, 259, 7
004320.jpg, 17, 173, 45, 223, 7
004335.jpg, 102, 68, 366, 288, 7
004337.jpg, 350, 176, 495, 240, 7
004337.jpg, 201, 173, 387, 226, 7
004337.jpg, 160, 173, 209, 214, 7
004337.jpg, 46, 170, 92, 194, 7
004337.jpg, 100, 164, 167, 206, 7
004337.jpg, 21, 170, 56, 190, 7
004378.jpg, 211, 84, 374, 250, 7
004426.jpg, 50, 22, 419, 315, 7
004426.jpg, 74, 10, 148, 75, 7
004442.jpg, 388, 236, 480, 307, 7
004453.jpg, 60, 83, 412, 304, 7
004456.jpg, 59, 85, 452, 288, 7
004458.jpg, 48, 162, 417, 259, 7
004478.jpg, 63, 31, 431, 320, 7
004478.jpg, 140, 32, 243, 71, 7
004478.jpg, 0, 36, 140, 110, 7
004492.jpg, 59, 8, 457, 303, 7
004521.jpg, 242, 190, 274, 210, 7
004521.jpg, 148, 195, 182, 215, 7
004543.jpg, 4, 55, 329, 314, 7
004543.jpg, 245, 36, 483, 244, 7
004543.jpg, 460, 68, 499, 98, 7
004545.jpg, 0, 104, 142, 194, 7
004554.jpg, 92, 19, 472, 263, 7
004560.jpg, 31, 97, 490, 249, 7
004560.jpg, 0, 58, 80, 113, 7
004560.jpg, 98, 76, 176, 109, 7
004578.jpg, 416, 182, 493, 224, 7
004580.jpg, 171, 240, 257, 331, 7
004580.jpg, 333, 258, 452, 328, 7
004586.jpg, 0, 209, 499, 361, 7
004596.jpg, 0, 133, 381, 486, 7
004602.jpg, 39, 137, 489, 273, 7
004615.jpg, 320, 387, 374, 444, 7
004667.jpg, 0, 89, 282, 291, 7
004667.jpg, 242, 55, 499, 324, 7
004684.jpg, 49, 83, 465, 312, 7
004688.jpg, 0, 64, 469, 332, 7
004697.jpg, 74, 5, 435, 290, 7
004734.jpg, 17, 38, 428, 246, 7
004745.jpg, 41, 38, 445, 298, 7
004755.jpg, 129, 178, 440, 255, 7
004764.jpg, 63, 232, 188, 315, 7
004764.jpg, 6, 244, 41, 287, 7
004780.jpg, 160, 372, 263, 451, 7
004800.jpg, 202, 0, 488, 103, 7
004806.jpg, 29, 194, 304, 296, 7
004810.jpg, 26, 240, 174, 331, 7
004810.jpg, 173, 220, 251, 291, 7
004821.jpg, 37, 369, 255, 461, 7
004844.jpg, 2, 392, 168, 469, 7
004844.jpg, 190, 388, 263, 433, 7
004844.jpg, 149, 382, 195, 418, 7
004860.jpg, 18, 64, 362, 404, 7
004870.jpg, 31, 35, 140, 121, 7
004870.jpg, 405, 23, 498, 120, 7
004891.jpg, 136, 113, 415, 251, 7
004927.jpg, 49, 30, 451, 325, 7
004933.jpg, 152, 154, 228, 200, 7
004940.jpg, 9, 138, 492, 321, 7
004959.jpg, 109, 89, 199, 130, 7
004965.jpg, 40, 399, 146, 463, 7
004965.jpg, 150, 417, 280, 485, 7
004981.jpg, 1, 59, 455, 308, 7
004996.jpg, 31, 93, 478, 348, 7
005005.jpg, 59, 189, 448, 318, 7
005021.jpg, 29, 105, 481, 257, 7
005030.jpg, 13, 69, 468, 286, 7
005030.jpg, 0, 90, 37, 187, 7
005035.jpg, 32, 35, 482, 293, 7
005035.jpg, 0, 31, 63, 100, 7
005035.jpg, 438, 10, 483, 77, 7
005035.jpg, 87, 5, 164, 46, 7
005041.jpg, 442, 161, 497, 237, 7
005083.jpg, 17, 81, 479, 284, 7
005091.jpg, 210, 131, 427, 244, 7
005091.jpg, 57, 69, 203, 145, 7
005091.jpg, 244, 99, 442, 161, 7
005099.jpg, 4, 200, 318, 478, 7
005105.jpg, 14, 116, 482, 352, 7
005105.jpg, 0, 108, 89, 221, 7
005125.jpg, 59, 51, 459, 333, 7
005126.jpg, 65, 128, 261, 215, 7
005142.jpg, 2, 87, 493, 306, 7
005157.jpg, 83, 201, 294, 274, 7
005157.jpg, 8, 161, 61, 203, 7
005158.jpg, 0, 91, 483, 320, 7
005166.jpg, 31, 55, 381, 275, 7
005192.jpg, 0, 46, 488, 315, 7
005192.jpg, 305, 42, 499, 138, 7
005204.jpg, 146, 132, 372, 223, 7
005204.jpg, 427, 141, 499, 222, 7
005275.jpg, 46, 116, 481, 332, 7
005287.jpg, 116, 114, 379, 315, 7
005316.jpg, 77, 226, 498, 370, 7
005333.jpg, 0, 196, 146, 382, 7
005357.jpg, 0, 208, 417, 374, 7
005372.jpg, 25, 103, 372, 335, 7
005401.jpg, 55, 84, 385, 321, 7
005432.jpg, 6, 0, 490, 361, 7
005437.jpg, 28, 108, 496, 346, 7
005443.jpg, 5, 249, 312, 475, 7
005447.jpg, 255, 117, 296, 147, 7
005468.jpg, 0, 95, 148, 198, 7
005484.jpg, 133, 79, 323, 265, 7
005484.jpg, 402, 182, 453, 211, 7
005493.jpg, 45, 45, 492, 258, 7
005501.jpg, 33, 80, 458, 338, 7
005520.jpg, 9, 27, 269, 454, 7
005520.jpg, 273, 0, 316, 22, 7
005520.jpg, 144, 5, 178, 21, 7
005520.jpg, 87, 5, 133, 24, 7
005520.jpg, 180, 4, 219, 20, 7
005520.jpg, 223, 3, 272, 19, 7
005520.jpg, 0, 9, 65, 30, 7
005520.jpg, 58, 6, 94, 27, 7
005523.jpg, 0, 56, 463, 325, 7
005523.jpg, 159, 32, 460, 177, 7
005546.jpg, 240, 323, 332, 476, 7
005558.jpg, 71, 23, 448, 318, 7
005627.jpg, 256, 86, 494, 220, 7
005627.jpg, 140, 87, 322, 204, 7
005627.jpg, 452, 73, 494, 118, 7
005627.jpg, 288, 76, 356, 107, 7
005627.jpg, 5, 84, 186, 174, 7
005627.jpg, 246, 74, 287, 94, 7
005649.jpg, 78, 110, 434, 302, 7
005663.jpg, 2, 165, 81, 195, 7
005678.jpg, 136, 4, 490, 254, 7
005694.jpg, 20, 70, 444, 347, 7
005706.jpg, 32, 202, 469, 341, 7
005708.jpg, 120, 94, 161, 127, 7
005717.jpg, 0, 74, 64, 141, 7
005717.jpg, 58, 45, 96, 76, 7
005746.jpg, 22, 198, 154, 286, 7
005763.jpg, 63, 129, 302, 261, 7
005770.jpg, 99, 106, 490, 261, 7
005775.jpg, 55, 81, 267, 291, 7
005809.jpg, 54, 211, 112, 246, 7
005809.jpg, 455, 218, 497, 248, 7
005842.jpg, 37, 181, 215, 246, 7
005842.jpg, 255, 139, 499, 267, 7
005842.jpg, 5, 173, 62, 208, 7
005862.jpg, 145, 74, 450, 254, 7
005862.jpg, 0, 78, 323, 329, 7
005869.jpg, 51, 240, 116, 285, 7
005904.jpg, 41, 123, 455, 257, 7
005924.jpg, 47, 70, 451, 292, 7
005924.jpg, 0, 139, 42, 224, 7
005929.jpg, 13, 130, 479, 316, 7
005932.jpg, 315, 296, 389, 327, 7
005959.jpg, 90, 18, 448, 257, 7
005974.jpg, 144, 141, 338, 273, 7
006006.jpg, 59, 50, 432, 353, 7
006016.jpg, 3, 37, 487, 307, 7
006017.jpg, 36, 62, 464, 358, 7
006017.jpg, 3, 30, 124, 268, 7
006019.jpg, 3, 62, 486, 362, 7
006024.jpg, 34, 295, 116, 328, 7
006024.jpg, 8, 289, 70, 326, 7
006034.jpg, 13, 38, 285, 128, 7
006047.jpg, 206, 143, 287, 184, 7
006047.jpg, 135, 149, 240, 199, 7
006082.jpg, 390, 165, 444, 203, 7
006109.jpg, 44, 259, 130, 319, 7
006113.jpg, 162, 168, 221, 254, 7
006113.jpg, 7, 145, 144, 268, 7
006121.jpg, 94, 129, 463, 259, 7
006121.jpg, 48, 151, 250, 235, 7
006121.jpg, 37, 164, 127, 221, 7
006137.jpg, 118, 129, 390, 230, 7
006155.jpg, 291, 171, 368, 206, 7
006155.jpg, 372, 171, 499, 216, 7
006155.jpg, 229, 162, 290, 204, 7
006155.jpg, 354, 172, 420, 209, 7
006155.jpg, 23, 164, 76, 182, 7
006155.jpg, 169, 166, 230, 197, 7
006155.jpg, 72, 165, 160, 188, 7
006213.jpg, 31, 246, 356, 421, 7
006228.jpg, 0, 55, 480, 331, 7
006242.jpg, 35, 149, 136, 214, 7
006242.jpg, 155, 146, 228, 217, 7
006242.jpg, 379, 155, 459, 206, 7
006242.jpg, 273, 148, 352, 220, 7
006246.jpg, 13, 5, 499, 369, 7
006256.jpg, 50, 73, 472, 260, 7
006283.jpg, 23, 20, 499, 304, 7
006324.jpg, 249, 190, 418, 300, 7
006324.jpg, 90, 222, 194, 256, 7
006326.jpg, 19, 70, 378, 301, 7
006326.jpg, 329, 75, 499, 187, 7
006331.jpg, 83, 91, 416, 280, 7
006333.jpg, 34, 55, 461, 302, 7
006333.jpg, 432, 95, 499, 155, 7
006334.jpg, 269, 196, 354, 238, 7
006340.jpg, 2, 89, 465, 346, 7
006358.jpg, 153, 198, 214, 227, 7
006358.jpg, 38, 203, 77, 225, 7
006358.jpg, 347, 195, 450, 234, 7
006358.jpg, 252, 203, 353, 228, 7
006358.jpg, 94, 205, 147, 223, 7
006358.jpg, 456, 198, 496, 226, 7
006376.jpg, 57, 37, 450, 343, 7
006383.jpg, 46, 34, 454, 167, 7
006386.jpg, 3, 167, 142, 240, 7
006386.jpg, 142, 165, 203, 201, 7
006386.jpg, 0, 211, 27, 258, 7
006386.jpg, 236, 175, 266, 196, 7
006386.jpg, 54, 165, 146, 201, 7
006397.jpg, 16, 43, 443, 175, 7
006405.jpg, 195, 309, 374, 499, 7
006415.jpg, 8, 149, 490, 294, 7
006423.jpg, 224, 121, 271, 157, 7
006435.jpg, 88, 178, 384, 291, 7
006441.jpg, 0, 174, 60, 261, 7
006454.jpg, 20, 132, 472, 295, 7
006469.jpg, 2, 160, 84, 228, 7
006469.jpg, 144, 171, 210, 223, 7
006481.jpg, 60, 49, 438, 320, 7
006481.jpg, 72, 69, 112, 119, 7
006493.jpg, 53, 120, 499, 295, 7
006502.jpg, 32, 118, 433, 293, 7
006510.jpg, 68, 104, 439, 293, 7
006525.jpg, 0, 309, 158, 433, 7
006527.jpg, 2, 11, 94, 50, 7
006527.jpg, 319, 15, 453, 79, 7
006567.jpg, 172, 164, 264, 218, 7
006581.jpg, 68, 205, 106, 233, 7
006590.jpg, 0, 0, 499, 298, 7
006634.jpg, 133, 217, 440, 336, 7
006653.jpg, 10, 87, 484, 343, 7
006685.jpg, 42, 145, 475, 322, 7
006693.jpg, 58, 101, 291, 206, 7
006693.jpg, 297, 87, 499, 187, 7
006717.jpg, 304, 157, 357, 195, 7
006717.jpg, 123, 185, 203, 229, 7
006724.jpg, 90, 121, 461, 280, 7
006724.jpg, 112, 17, 442, 158, 7
006733.jpg, 3, 56, 499, 260, 7
006741.jpg, 62, 145, 371, 321, 7
006749.jpg, 22, 94, 423, 307, 7
006754.jpg, 17, 39, 494, 298, 7
006757.jpg, 58, 46, 410, 325, 7
006757.jpg, 1, 70, 45, 170, 7
006757.jpg, 360, 20, 499, 239, 7
006785.jpg, 25, 70, 479, 312, 7
006790.jpg, 273, 186, 485, 306, 7
006853.jpg, 10, 51, 465, 326, 7
006854.jpg, 0, 10, 369, 420, 7
006854.jpg, 311, 15, 368, 93, 7
006882.jpg, 112, 84, 499, 305, 7
006890.jpg, 0, 59, 499, 294, 7
006907.jpg, 55, 324, 334, 422, 7
006925.jpg, 16, 177, 107, 224, 7
006925.jpg, 169, 173, 206, 196, 7
006925.jpg, 205, 162, 252, 188, 7
006955.jpg, 0, 121, 459, 328, 7
006955.jpg, 369, 118, 431, 153, 7
006970.jpg, 98, 288, 374, 389, 7
006974.jpg, 389, 187, 479, 229, 7
006996.jpg, 34, 67, 410, 259, 7
007001.jpg, 220, 125, 452, 341, 7
007014.jpg, 42, 52, 424, 341, 7
007015.jpg, 101, 93, 411, 233, 7
007034.jpg, 0, 60, 480, 364, 7
007061.jpg, 7, 45, 495, 358, 7
007061.jpg, 10, 225, 180, 332, 7
007082.jpg, 141, 185, 176, 208, 7
007112.jpg, 82, 142, 428, 247, 7
007112.jpg, 352, 113, 398, 155, 7
007143.jpg, 31, 116, 443, 237, 7
007164.jpg, 279, 237, 332, 266, 7
007176.jpg, 15, 181, 473, 422, 7
007242.jpg, 0, 159, 45, 275, 7
007242.jpg, 16, 166, 59, 216, 7
007246.jpg, 0, 86, 499, 374, 7
007267.jpg, 367, 158, 399, 177, 7
007273.jpg, 58, 124, 490, 265, 7
007278.jpg, 38, 244, 89, 278, 7
007281.jpg, 14, 49, 308, 367, 7
007281.jpg, 409, 168, 499, 363, 7
007282.jpg, 197, 130, 328, 292, 7
007282.jpg, 349, 148, 488, 286, 7
007282.jpg, 3, 103, 177, 307, 7
007288.jpg, 20, 13, 496, 238, 7
007337.jpg, 232, 260, 293, 312, 7
007339.jpg, 81, 85, 390, 310, 7
007339.jpg, 217, 27, 396, 162, 7
007358.jpg, 63, 47, 465, 342, 7
007358.jpg, 0, 112, 73, 154, 7
007358.jpg, 1, 108, 164, 175, 7
007362.jpg, 0, 66, 465, 353, 7
007362.jpg, 306, 47, 499, 113, 7
007368.jpg, 316, 83, 386, 176, 7
007368.jpg, 274, 85, 323, 156, 7
007368.jpg, 163, 93, 263, 142, 7
007386.jpg, 17, 68, 497, 322, 7
007399.jpg, 38, 87, 484, 339, 7
007423.jpg, 217, 144, 336, 229, 7
007423.jpg, 14, 134, 156, 190, 7
007429.jpg, 27, 231, 320, 481, 7
007452.jpg, 135, 183, 214, 234, 7
007459.jpg, 0, 43, 499, 371, 7
007478.jpg, 0, 9, 425, 351, 7
007478.jpg, 322, 6, 483, 170, 7
007501.jpg, 16, 1, 443, 367, 7
007507.jpg, 57, 191, 152, 237, 7
007507.jpg, 2, 191, 62, 233, 7
007507.jpg, 156, 186, 202, 223, 7
007510.jpg, 403, 268, 492, 364, 7
007510.jpg, 90, 173, 461, 368, 7
007518.jpg, 198, 224, 308, 291, 7
007518.jpg, 453, 238, 497, 303, 7
007518.jpg, 316, 219, 350, 256, 7
007518.jpg, 148, 233, 200, 283, 7
007518.jpg, 3, 223, 149, 279, 7
007522.jpg, 0, 25, 491, 273, 7
007556.jpg, 15, 67, 436, 321, 7
007562.jpg, 33, 30, 485, 355, 7
007562.jpg, 1, 0, 165, 230, 7
007589.jpg, 126, 159, 305, 282, 7
007613.jpg, 23, 96, 449, 329, 7
007617.jpg, 29, 79, 436, 282, 7
007617.jpg, 0, 90, 141, 231, 7
007634.jpg, 116, 133, 163, 170, 7
007634.jpg, 67, 140, 115, 166, 7
007665.jpg, 152, 144, 377, 223, 7
007665.jpg, 429, 138, 499, 212, 7
007693.jpg, 154, 102, 443, 363, 7
007701.jpg, 234, 186, 442, 276, 7
007701.jpg, 0, 178, 121, 260, 7
007701.jpg, 160, 185, 301, 260, 7
007714.jpg, 146, 129, 344, 256, 7
007734.jpg, 20, 95, 279, 282, 7
007734.jpg, 273, 120, 366, 209, 7
007757.jpg, 18, 40, 499, 255, 7
007757.jpg, 0, 4, 220, 92, 7
007757.jpg, 338, 21, 367, 39, 7
007757.jpg, 392, 28, 499, 61, 7
007757.jpg, 481, 19, 499, 67, 7
007761.jpg, 14, 29, 494, 309, 7
007797.jpg, 67, 119, 338, 328, 7
007800.jpg, 230, 181, 404, 229, 7
007807.jpg, 47, 36, 467, 339, 7
007818.jpg, 92, 134, 135, 169, 7
007818.jpg, 139, 134, 178, 164, 7
007818.jpg, 36, 131, 83, 170, 7
007818.jpg, 184, 135, 224, 167, 7
007818.jpg, 1, 134, 36, 165, 7
007839.jpg, 38, 49, 452, 321, 7
007839.jpg, 266, 6, 498, 127, 7
007844.jpg, 4, 61, 417, 260, 7
007861.jpg, 108, 42, 367, 146, 7
007882.jpg, 48, 79, 474, 266, 7
007882.jpg, 415, 81, 499, 184, 7
007906.jpg, 49, 67, 476, 279, 7
007906.jpg, 0, 19, 229, 139, 7
007906.jpg, 312, 23, 400, 54, 7
007906.jpg, 259, 10, 328, 54, 7
007906.jpg, 419, 29, 488, 76, 7
007906.jpg, 460, 24, 499, 111, 7
007906.jpg, 222, 20, 259, 50, 7
007927.jpg, 44, 64, 478, 290, 7
007948.jpg, 79, 116, 498, 257, 7
007960.jpg, 73, 139, 475, 278, 7
007961.jpg, 228, 192, 399, 332, 7
007961.jpg, 331, 163, 456, 200, 7
007967.jpg, 196, 52, 319, 118, 7
007967.jpg, 398, 68, 480, 117, 7
007992.jpg, 213, 122, 342, 229, 7
008006.jpg, 25, 263, 137, 353, 7
008020.jpg, 6, 202, 139, 295, 7
008030.jpg, 82, 71, 385, 233, 7
008035.jpg, 313, 364, 374, 480, 7
008047.jpg, 244, 17, 374, 290, 7
008047.jpg, 133, 2, 322, 168, 7
008047.jpg, 95, 4, 123, 63, 7
008088.jpg, 0, 226, 36, 256, 7
008114.jpg, 369, 159, 467, 230, 7
008126.jpg, 73, 180, 419, 325, 7
008129.jpg, 81, 123, 327, 308, 7
008133.jpg, 166, 155, 404, 345, 7
008133.jpg, 352, 161, 415, 233, 7
008135.jpg, 80, 4, 471, 358, 7
008135.jpg, 466, 18, 499, 58, 7
008136.jpg, 23, 131, 459, 342, 7
008143.jpg, 207, 175, 356, 253, 7
008152.jpg, 104, 82, 459, 332, 7
008158.jpg, 0, 67, 197, 326, 7
008161.jpg, 28, 244, 240, 367, 7
008161.jpg, 249, 265, 319, 314, 7
008161.jpg, 125, 111, 358, 200, 7
008161.jpg, 313, 276, 362, 303, 7
008231.jpg, 14, 60, 499, 363, 7
008231.jpg, 2, 69, 59, 117, 7
008246.jpg, 416, 99, 487, 137, 7
008259.jpg, 0, 28, 120, 145, 7
008259.jpg, 262, 19, 499, 181, 7
008270.jpg, 55, 19, 499, 304, 7
008276.jpg, 346, 186, 459, 230, 7
008283.jpg, 67, 102, 430, 259, 7
008290.jpg, 98, 28, 371, 262, 7
008290.jpg, 411, 44, 496, 101, 7
008324.jpg, 9, 182, 159, 280, 7
008353.jpg, 142, 114, 339, 191, 7
008353.jpg, 14, 77, 82, 124, 7
008357.jpg, 4, 142, 59, 182, 7
008363.jpg, 147, 107, 492, 349, 7
008375.jpg, 273, 453, 365, 485, 7
008378.jpg, 39, 99, 491, 271, 7
008383.jpg, 0, 105, 499, 339, 7
008408.jpg, 75, 60, 479, 356, 7
008408.jpg, 6, 76, 104, 239, 7
008414.jpg, 44, 80, 491, 343, 7
008414.jpg, 6, 138, 43, 175, 7
008421.jpg, 78, 62, 407, 239, 7
008432.jpg, 48, 252, 310, 451, 7
008447.jpg, 30, 25, 499, 349, 7
008447.jpg, 296, 3, 376, 52, 7
008464.jpg, 187, 287, 215, 305, 7
008464.jpg, 308, 285, 378, 324, 7
008464.jpg, 35, 282, 69, 303, 7
008464.jpg, 144, 272, 177, 302, 7
008464.jpg, 75, 281, 101, 301, 7
008479.jpg, 125, 117, 396, 273, 7
008479.jpg, 448, 159, 489, 221, 7
008481.jpg, 322, 9, 389, 39, 7
008488.jpg, 303, 183, 398, 248, 7
008488.jpg, 0, 156, 140, 258, 7
008504.jpg, 334, 123, 443, 194, 7
008504.jpg, 144, 141, 300, 240, 7
008504.jpg, 228, 31, 297, 105, 7
008504.jpg, 294, 66, 373, 131, 7
008504.jpg, 177, 0, 239, 26, 7
008504.jpg, 430, 48, 493, 119, 7
008504.jpg, 309, 10, 351, 46, 7
008504.jpg, 100, 64, 194, 115, 7
008504.jpg, 388, 1, 433, 28, 7
008504.jpg, 169, 86, 247, 138, 7
008504.jpg, 33, 4, 97, 42, 7
008504.jpg, 79, 0, 115, 34, 7
008548.jpg, 61, 21, 466, 331, 7
008548.jpg, 431, 27, 491, 98, 7
008548.jpg, 226, 3, 389, 103, 7
008560.jpg, 388, 184, 443, 240, 7
008560.jpg, 401, 196, 499, 281, 7
008609.jpg, 23, 78, 483, 305, 7
008622.jpg, 113, 135, 277, 236, 7
008622.jpg, 90, 68, 149, 110, 7
008632.jpg, 144, 120, 439, 234, 7
008657.jpg, 0, 104, 499, 374, 7
008658.jpg, 124, 54, 345, 400, 7
008668.jpg, 6, 76, 283, 332, 7
008668.jpg, 192, 13, 493, 323, 7
008682.jpg, 41, 91, 461, 264, 7
008684.jpg, 0, 77, 418, 264, 7
008693.jpg, 54, 88, 499, 315, 7
008694.jpg, 381, 180, 499, 238, 7
008711.jpg, 22, 99, 451, 306, 7
008711.jpg, 188, 28, 497, 226, 7
008715.jpg, 79, 132, 286, 250, 7
008724.jpg, 265, 77, 465, 215, 7
008734.jpg, 104, 20, 327, 336, 7
008734.jpg, 216, 17, 281, 80, 7
008777.jpg, 33, 76, 460, 276, 7
008785.jpg, 3, 37, 447, 373, 7
008788.jpg, 386, 286, 499, 455, 7
008788.jpg, 171, 247, 412, 374, 7
008797.jpg, 0, 28, 476, 374, 7
008800.jpg, 13, 12, 407, 276, 7
008824.jpg, 205, 145, 328, 211, 7
008824.jpg, 312, 144, 420, 213, 7
008824.jpg, 121, 141, 206, 216, 7
008824.jpg, 376, 277, 499, 374, 7
008824.jpg, 450, 137, 496, 167, 7
008824.jpg, 374, 118, 443, 154, 7
008828.jpg, 87, 225, 156, 289, 7
008828.jpg, 84, 180, 144, 229, 7
008828.jpg, 103, 110, 142, 157, 7
008828.jpg, 132, 95, 166, 120, 7
008828.jpg, 89, 147, 139, 196, 7
008829.jpg, 35, 65, 385, 252, 7
008895.jpg, 292, 193, 422, 248, 7
008895.jpg, 268, 165, 327, 204, 7
008895.jpg, 232, 170, 267, 195, 7
008896.jpg, 186, 122, 367, 192, 7
008903.jpg, 242, 144, 356, 234, 7
008910.jpg, 244, 156, 285, 187, 7
008910.jpg, 107, 180, 160, 218, 7
008910.jpg, 169, 150, 206, 182, 7
008910.jpg, 198, 205, 249, 241, 7
008910.jpg, 201, 87, 223, 108, 7
008910.jpg, 193, 178, 235, 213, 7
008910.jpg, 13, 173, 94, 222, 7
008915.jpg, 283, 295, 332, 389, 7
009008.jpg, 286, 36, 327, 58, 7
009023.jpg, 64, 27, 438, 304, 7
009023.jpg, 391, 50, 429, 115, 7
009033.jpg, 0, 330, 145, 408, 7
009033.jpg, 217, 329, 355, 375, 7
009052.jpg, 200, 102, 465, 273, 7
009071.jpg, 49, 75, 471, 277, 7
009081.jpg, 82, 58, 471, 327, 7
009092.jpg, 400, 169, 429, 228, 7
009096.jpg, 11, 45, 309, 169, 7
009119.jpg, 154, 171, 452, 297, 7
009119.jpg, 235, 124, 395, 200, 7
009122.jpg, 122, 292, 197, 335, 7
009149.jpg, 193, 92, 496, 314, 7
009156.jpg, 165, 144, 499, 374, 7
009156.jpg, 32, 69, 304, 195, 7
009156.jpg, 403, 68, 469, 96, 7
009156.jpg, 293, 76, 387, 104, 7
009156.jpg, 28, 75, 78, 97, 7
009182.jpg, 12, 22, 499, 352, 7
009201.jpg, 79, 158, 419, 322, 7
009206.jpg, 126, 81, 494, 277, 7
009210.jpg, 217, 223, 325, 296, 7
009241.jpg, 127, 138, 247, 177, 7
009243.jpg, 99, 90, 406, 321, 7
009261.jpg, 263, 301, 303, 331, 7
009267.jpg, 192, 244, 291, 287, 7
009302.jpg, 28, 131, 463, 310, 7
009302.jpg, 1, 129, 90, 190, 7
009321.jpg, 37, 56, 477, 284, 7
009322.jpg, 0, 224, 48, 280, 7
009322.jpg, 37, 215, 89, 262, 7
009322.jpg, 135, 196, 205, 248, 7
009322.jpg, 59, 212, 146, 253, 7
009322.jpg, 204, 182, 230, 221, 7
009335.jpg, 100, 151, 278, 205, 7
009341.jpg, 12, 67, 474, 309, 7
009360.jpg, 188, 109, 453, 331, 7
009376.jpg, 0, 120, 365, 352, 7
009376.jpg, 391, 113, 458, 147, 7
009381.jpg, 0, 3, 495, 333, 7
009381.jpg, 3, 0, 254, 96, 7
009384.jpg, 168, 292, 267, 373, 7
009384.jpg, 67, 302, 148, 362, 7
009384.jpg, 272, 310, 325, 355, 7
009384.jpg, 8, 299, 65, 370, 7
009396.jpg, 129, 426, 265, 494, 7
009396.jpg, 47, 451, 88, 480, 7
009426.jpg, 177, 200, 385, 299, 7
009427.jpg, 0, 83, 487, 320, 7
009430.jpg, 10, 52, 491, 360, 7
009475.jpg, 2, 66, 486, 330, 7
009492.jpg, 64, 75, 499, 249, 7
009530.jpg, 41, 265, 104, 297, 7
009530.jpg, 277, 243, 312, 269, 7
009530.jpg, 114, 264, 171, 289, 7
009536.jpg, 58, 46, 499, 351, 7
009564.jpg, 204, 173, 284, 208, 7
009590.jpg, 11, 75, 477, 315, 7
009590.jpg, 3, 147, 58, 205, 7
009593.jpg, 167, 179, 405, 268, 7
009599.jpg, 11, 28, 399, 299, 7
009601.jpg, 112, 175, 213, 248, 7
009643.jpg, 339, 212, 364, 235, 7
009652.jpg, 0, 0, 329, 311, 7
009675.jpg, 130, 86, 494, 261, 7
009680.jpg, 16, 102, 412, 336, 7
009680.jpg, 0, 110, 95, 247, 7
009688.jpg, 18, 84, 372, 374, 7
009688.jpg, 90, 23, 325, 141, 7
009688.jpg, 377, 91, 488, 215, 7
009694.jpg, 170, 306, 285, 347, 7
009694.jpg, 250, 307, 350, 350, 7
009694.jpg, 324, 297, 404, 348, 7
009701.jpg, 86, 125, 311, 222, 7
009704.jpg, 301, 184, 353, 215, 7
009705.jpg, 237, 0, 325, 36, 7
009705.jpg, 439, 4, 499, 40, 7
009705.jpg, 284, 1, 395, 39, 7
009723.jpg, 5, 60, 469, 355, 7
009723.jpg, 369, 25, 497, 86, 7
009723.jpg, 100, 21, 170, 57, 7
009723.jpg, 0, 17, 177, 125, 7
009740.jpg, 179, 144, 305, 235, 7
009757.jpg, 9, 73, 491, 240, 7
009770.jpg, 60, 266, 409, 375, 7
009777.jpg, 189, 172, 281, 228, 7
009777.jpg, 6, 194, 77, 253, 7
009777.jpg, 349, 187, 439, 242, 7
009779.jpg, 104, 179, 324, 330, 7
009779.jpg, 340, 180, 499, 301, 7
009804.jpg, 0, 115, 484, 309, 7
009806.jpg, 33, 205, 103, 240, 7
009821.jpg, 29, 104, 454, 274, 7
009827.jpg, 464, 163, 499, 212, 7
009829.jpg, 254, 283, 308, 324, 7
009829.jpg, 315, 271, 379, 321, 7
009829.jpg, 0, 238, 245, 374, 7
009829.jpg, 448, 268, 487, 334, 7
009847.jpg, 198, 123, 301, 192, 7
009849.jpg, 85, 179, 268, 245, 7
009856.jpg, 377, 246, 499, 327, 7
009856.jpg, 113, 241, 196, 300, 7
009856.jpg, 0, 243, 76, 328, 7
009873.jpg, 163, 128, 461, 258, 7
009883.jpg, 27, 105, 498, 257, 7
009895.jpg, 2, 108, 79, 180, 7
009895.jpg, 69, 114, 319, 301, 7
009895.jpg, 294, 115, 426, 201, 7
009895.jpg, 3, 64, 56, 100, 7
009903.jpg, 0, 77, 36, 102, 7
009927.jpg, 73, 153, 454, 267, 7
009943.jpg, 204, 109, 323, 205, 7
