000058.jpg, 17, 144, 363, 374, 14
000094.jpg, 125, 20, 499, 332, 14
000201.jpg, 248, 120, 386, 299, 14
000264.jpg, 4, 151, 296, 493, 14
000348.jpg, 108, 133, 367, 312, 14
000353.jpg, 17, 62, 410, 334, 14
000353.jpg, 94, 40, 238, 88, 14
000364.jpg, 26, 75, 434, 334, 14
000364.jpg, 294, 40, 487, 160, 14
000467.jpg, 172, 137, 278, 219, 14
000467.jpg, 373, 100, 478, 177, 14
000467.jpg, 102, 153, 178, 256, 14
000467.jpg, 290, 121, 352, 205, 14
000497.jpg, 0, 203, 416, 476, 14
000532.jpg, 185, 139, 436, 326, 14
000553.jpg, 9, 15, 417, 320, 14
000570.jpg, 128, 112, 466, 326, 14
000630.jpg, 163, 183, 469, 366, 14
000655.jpg, 112, 126, 444, 323, 14
000775.jpg, 50, 238, 448, 459, 14
000873.jpg, 61, 14, 334, 499, 14
000894.jpg, 80, 85, 266, 426, 14
000979.jpg, 66, 213, 207, 395, 14
001031.jpg, 71, 144, 296, 425, 14
001134.jpg, 173, 183, 307, 272, 14
001134.jpg, 66, 182, 141, 309, 14
001157.jpg, 35, 38, 459, 287, 14
001264.jpg, 33, 12, 426, 305, 14
001285.jpg, 206, 143, 441, 291, 14
001285.jpg, 80, 134, 301, 272, 14
001296.jpg, 64, 104, 400, 335, 14
001301.jpg, 3, 45, 382, 370, 14
001357.jpg, 43, 123, 444, 350, 14
001446.jpg, 103, 205, 262, 393, 14
001447.jpg, 141, 82, 405, 338, 14
001476.jpg, 212, 97, 310, 267, 14
001476.jpg, 61, 114, 120, 141, 14
001476.jpg, 121, 118, 156, 142, 14
001502.jpg, 112, 116, 390, 378, 14
001516.jpg, 15, 56, 438, 300, 14
001679.jpg, 15, 197, 392, 475, 14
001709.jpg, 1, 58, 413, 317, 14
001737.jpg, 8, 37, 483, 312, 14
001744.jpg, 153, 30, 353, 136, 14
001798.jpg, 27, 19, 499, 314, 14
001889.jpg, 49, 119, 130, 277, 14
001889.jpg, 215, 95, 321, 329, 14
001889.jpg, 344, 129, 428, 262, 14
001916.jpg, 388, 96, 460, 193, 14
001916.jpg, 282, 106, 374, 195, 14
001916.jpg, 103, 98, 210, 204, 14
001998.jpg, 64, 132, 325, 279, 14
002105.jpg, 170, 129, 398, 255, 14
002130.jpg, 123, 121, 367, 282, 14
002185.jpg, 85, 103, 499, 328, 14
002185.jpg, 0, 46, 98, 106, 14
002185.jpg, 54, 55, 139, 107, 14
002379.jpg, 24, 9, 430, 331, 14
002379.jpg, 4, 6, 221, 175, 14
002488.jpg, 0, 146, 353, 486, 14
002495.jpg, 25, 90, 499, 357, 14
002507.jpg, 72, 43, 462, 332, 14
002568.jpg, 66, 54, 417, 325, 14
002592.jpg, 29, 49, 444, 332, 14
002612.jpg, 9, 0, 327, 344, 14
002612.jpg, 263, 36, 454, 374, 14
002686.jpg, 117, 204, 360, 361, 14
002739.jpg, 350, 34, 396, 74, 14
002739.jpg, 154, 217, 233, 330, 14
002793.jpg, 320, 98, 475, 175, 14
002806.jpg, 210, 109, 456, 276, 14
002808.jpg, 83, 81, 281, 482, 14
002830.jpg, 19, 135, 294, 279, 14
002830.jpg, 390, 0, 481, 89, 14
002830.jpg, 0, 23, 61, 85, 14
002830.jpg, 189, 9, 301, 63, 14
002999.jpg, 308, 114, 458, 225, 14
002999.jpg, 34, 83, 177, 178, 14
002999.jpg, 128, 100, 273, 191, 14
003333.jpg, 151, 251, 312, 493, 14
003342.jpg, 343, 200, 408, 240, 14
003393.jpg, 68, 134, 374, 499, 14
003505.jpg, 153, 154, 322, 328, 14
003538.jpg, 62, 108, 407, 338, 14
003578.jpg, 80, 215, 354, 405, 14
003670.jpg, 58, 118, 376, 282, 14
003730.jpg, 141, 39, 325, 314, 14
003810.jpg, 233, 138, 379, 302, 14
003810.jpg, 77, 130, 288, 374, 14
003833.jpg, 82, 53, 191, 134, 14
003833.jpg, 420, 42, 491, 114, 14
003833.jpg, 102, 133, 336, 273, 14
003833.jpg, 48, 62, 116, 142, 14
003833.jpg, 4, 67, 37, 130, 14
003989.jpg, 326, 114, 439, 243, 14
003989.jpg, 65, 86, 119, 174, 14
003989.jpg, 136, 115, 285, 241, 14
003989.jpg, 110, 114, 155, 175, 14
004070.jpg, 71, 160, 239, 279, 14
004070.jpg, 232, 104, 424, 328, 14
004198.jpg, 0, 156, 268, 494, 14
004213.jpg, 264, 164, 498, 374, 14
004214.jpg, 169, 114, 366, 233, 14
004243.jpg, 106, 158, 420, 258, 14
004243.jpg, 0, 173, 104, 314, 14
004243.jpg, 231, 146, 343, 235, 14
004243.jpg, 416, 140, 496, 186, 14
004305.jpg, 294, 285, 342, 372, 14
004448.jpg, 102, 40, 476, 273, 14
004475.jpg, 51, 75, 347, 499, 14
004616.jpg, 1, 15, 499, 367, 14
004641.jpg, 77, 59, 491, 353, 14
004650.jpg, 28, 85, 434, 325, 14
004725.jpg, 0, 136, 499, 374, 14
004729.jpg, 8, 55, 359, 342, 14
004738.jpg, 133, 268, 327, 425, 14
004800.jpg, 65, 45, 312, 197, 14
004822.jpg, 163, 61, 461, 366, 14
004833.jpg, 0, 1, 354, 374, 14
004864.jpg, 49, 48, 315, 480, 14
004870.jpg, 96, 87, 389, 374, 14
004917.jpg, 113, 136, 378, 309, 14
004942.jpg, 231, 131, 429, 339, 14
005041.jpg, 36, 180, 293, 374, 14
005087.jpg, 194, 130, 365, 283, 14
005133.jpg, 209, 125, 455, 260, 14
005188.jpg, 17, 59, 495, 352, 14
005197.jpg, 1, 128, 325, 308, 14
005316.jpg, 121, 137, 321, 299, 14
005347.jpg, 254, 167, 458, 310, 14
005354.jpg, 0, 128, 231, 374, 14
005354.jpg, 258, 122, 337, 229, 14
005435.jpg, 103, 207, 361, 404, 14
005468.jpg, 24, 67, 457, 456, 14
005479.jpg, 77, 110, 335, 297, 14
005479.jpg, 362, 3, 421, 32, 14
005492.jpg, 153, 13, 321, 310, 14
005506.jpg, 73, 17, 175, 78, 14
005506.jpg, 85, 62, 363, 272, 14
005534.jpg, 77, 61, 426, 316, 14
005553.jpg, 25, 124, 335, 443, 14
005571.jpg, 33, 56, 461, 310, 14
005595.jpg, 0, 113, 499, 407, 14
005678.jpg, 57, 31, 464, 328, 14
005707.jpg, 394, 204, 471, 241, 14
005708.jpg, 414, 101, 499, 265, 14
005724.jpg, 63, 167, 292, 499, 14
005759.jpg, 350, 170, 455, 245, 14
005759.jpg, 222, 181, 290, 237, 14
005759.jpg, 121, 178, 205, 226, 14
005759.jpg, 52, 190, 113, 228, 14
005774.jpg, 32, 78, 456, 472, 14
005787.jpg, 15, 200, 320, 461, 14
005798.jpg, 165, 27, 299, 167, 14
005798.jpg, 32, 25, 136, 155, 14
005798.jpg, 246, 28, 371, 169, 14
005798.jpg, 336, 48, 470, 176, 14
005816.jpg, 78, 126, 409, 347, 14
005931.jpg, 302, 230, 392, 305, 14
006008.jpg, 41, 39, 499, 373, 14
006059.jpg, 0, 294, 258, 445, 14
006083.jpg, 71, 60, 400, 343, 14
006119.jpg, 218, 71, 447, 332, 14
006119.jpg, 88, 142, 209, 280, 14
006193.jpg, 0, 156, 265, 367, 14
006193.jpg, 266, 115, 480, 242, 14
006193.jpg, 387, 110, 483, 204, 14
006431.jpg, 139, 126, 369, 289, 14
006469.jpg, 76, 211, 156, 289, 14
006469.jpg, 117, 203, 209, 284, 14
006561.jpg, 55, 60, 444, 304, 14
006567.jpg, 244, 182, 420, 300, 14
006567.jpg, 27, 184, 81, 241, 14
006567.jpg, 148, 172, 288, 295, 14
006796.jpg, 113, 26, 181, 109, 14
006796.jpg, 383, 26, 491, 105, 14
006796.jpg, 0, 28, 121, 97, 14
006796.jpg, 136, 97, 354, 297, 14
006796.jpg, 324, 40, 375, 99, 14
006823.jpg, 93, 161, 432, 374, 14
006920.jpg, 42, 122, 288, 267, 14
006920.jpg, 257, 120, 499, 259, 14
006921.jpg, 143, 145, 317, 320, 14
006951.jpg, 135, 133, 450, 296, 14
007307.jpg, 176, 105, 386, 285, 14
007355.jpg, 29, 149, 359, 489, 14
007368.jpg, 1, 150, 383, 499, 14
007553.jpg, 119, 57, 383, 331, 14
007593.jpg, 121, 111, 385, 435, 14
007645.jpg, 8, 17, 467, 348, 14
007783.jpg, 11, 3, 414, 369, 14
007792.jpg, 68, 172, 119, 257, 14
007848.jpg, 192, 67, 458, 346, 14
007978.jpg, 258, 128, 324, 231, 14
007983.jpg, 7, 112, 239, 334, 14
008003.jpg, 11, 65, 406, 297, 14
008021.jpg, 91, 74, 284, 499, 14
008034.jpg, 37, 97, 236, 212, 14
008034.jpg, 207, 88, 402, 231, 14
008195.jpg, 12, 99, 476, 375, 14
008227.jpg, 329, 135, 453, 332, 14
008230.jpg, 41, 92, 439, 311, 14
008242.jpg, 13, 2, 366, 374, 14
008273.jpg, 25, 247, 374, 488, 14
008324.jpg, 212, 200, 327, 283, 14
008455.jpg, 72, 259, 267, 404, 14
008579.jpg, 293, 214, 479, 312, 14
008579.jpg, 58, 190, 213, 305, 14
008597.jpg, 144, 148, 499, 315, 14
008619.jpg, 45, 41, 434, 310, 14
008623.jpg, 64, 195, 278, 349, 14
008648.jpg, 17, 211, 111, 332, 14
008689.jpg, 4, 13, 121, 132, 14
008689.jpg, 58, 59, 374, 270, 14
008694.jpg, 182, 146, 241, 187, 14
008824.jpg, 89, 236, 256, 331, 14
008828.jpg, 184, 348, 230, 439, 14
008845.jpg, 38, 84, 462, 369, 14
008852.jpg, 28, 33, 451, 320, 14
008901.jpg, 78, 200, 416, 374, 14
008952.jpg, 269, 116, 378, 245, 14
008994.jpg, 101, 183, 410, 351, 14
008994.jpg, 4, 161, 155, 346, 14
009008.jpg, 36, 30, 412, 294, 14
009041.jpg, 145, 112, 378, 278, 14
009044.jpg, 22, 66, 490, 293, 14
009047.jpg, 9, 53, 410, 307, 14
009050.jpg, 4, 22, 432, 285, 14
009065.jpg, 6, 88, 476, 313, 14
009069.jpg, 10, 9, 499, 373, 14
009084.jpg, 38, 96, 471, 362, 14
009139.jpg, 90, 56, 445, 359, 14
009145.jpg, 48, 57, 380, 344, 14
009145.jpg, 23, 79, 161, 317, 14
009229.jpg, 338, 84, 499, 260, 14
009277.jpg, 50, 147, 267, 323, 14
009293.jpg, 42, 5, 214, 272, 14
009317.jpg, 117, 151, 298, 307, 14
009322.jpg, 301, 237, 358, 329, 14
009338.jpg, 79, 113, 448, 309, 14
009361.jpg, 93, 139, 363, 259, 14
009495.jpg, 14, 107, 499, 355, 14
009563.jpg, 7, 139, 286, 484, 14
009639.jpg, 24, 57, 321, 311, 14
009657.jpg, 50, 101, 355, 339, 14
009673.jpg, 7, 30, 217, 209, 14
009674.jpg, 61, 147, 331, 447, 14
009705.jpg, 52, 1, 484, 265, 14
009850.jpg, 73, 163, 293, 438, 14
009857.jpg, 19, 56, 266, 498, 14
009890.jpg, 41, 116, 371, 302, 14
009924.jpg, 80, 70, 374, 491, 14
009960.jpg, 17, 88, 358, 314, 14
