000018.jpg, 40, 38, 354, 284, 12
000029.jpg, 42, 51, 294, 290, 12
000037.jpg, 124, 94, 477, 319, 12
000075.jpg, 87, 79, 232, 359, 12
000079.jpg, 113, 47, 405, 345, 12
000086.jpg, 310, 145, 350, 173, 12
000108.jpg, 12, 110, 332, 271, 12
000108.jpg, 283, 135, 447, 213, 12
000167.jpg, 1, 20, 496, 373, 12
000183.jpg, 61, 5, 490, 348, 12
000205.jpg, 100, 261, 220, 344, 12
000255.jpg, 0, 0, 377, 329, 12
000258.jpg, 203, 127, 417, 332, 12
000324.jpg, 81, 88, 393, 269, 12
000362.jpg, 169, 19, 285, 270, 12
000422.jpg, 20, 24, 349, 363, 12
000478.jpg, 223, 108, 438, 244, 12
000506.jpg, 88, 315, 229, 476, 12
000517.jpg, 51, 233, 155, 374, 12
000611.jpg, 211, 0, 446, 332, 12
000692.jpg, 49, 187, 462, 327, 12
000716.jpg, 105, 38, 306, 435, 12
000718.jpg, 177, 0, 340, 374, 12
000722.jpg, 138, 67, 493, 344, 12
000751.jpg, 69, 64, 420, 304, 12
000759.jpg, 127, 119, 471, 358, 12
000785.jpg, 0, 29, 488, 339, 12
000853.jpg, 50, 130, 332, 499, 12
000897.jpg, 232, 71, 369, 357, 12
000897.jpg, 91, 110, 222, 332, 12
000913.jpg, 9, 3, 307, 264, 12
000963.jpg, 0, 15, 419, 318, 12
000975.jpg, 106, 76, 453, 458, 12
001000.jpg, 0, 18, 499, 313, 12
001026.jpg, 72, 221, 234, 406, 12
001026.jpg, 199, 57, 297, 101, 12
001037.jpg, 309, 100, 455, 218, 12
001037.jpg, 145, 102, 341, 242, 12
001037.jpg, 3, 102, 109, 229, 12
001044.jpg, 0, 31, 384, 152, 12
001054.jpg, 25, 11, 320, 472, 12
001123.jpg, 194, 41, 406, 297, 12
001131.jpg, 68, 21, 408, 282, 12
001150.jpg, 162, 93, 413, 368, 12
001190.jpg, 68, 172, 423, 359, 12
001195.jpg, 132, 87, 284, 321, 12
001202.jpg, 244, 75, 400, 240, 12
001202.jpg, 4, 152, 257, 264, 12
001217.jpg, 207, 92, 499, 366, 12
001217.jpg, 47, 108, 231, 355, 12
001220.jpg, 123, 98, 345, 329, 12
001232.jpg, 109, 25, 388, 311, 12
001257.jpg, 109, 31, 312, 319, 12
001306.jpg, 177, 131, 285, 206, 12
001322.jpg, 0, 25, 471, 370, 12
001328.jpg, 107, 102, 331, 332, 12
001339.jpg, 26, 19, 442, 291, 12
001353.jpg, 105, 100, 336, 332, 12
001366.jpg, 91, 250, 134, 329, 12
001366.jpg, 281, 274, 318, 329, 12
001507.jpg, 90, 0, 333, 245, 12
001549.jpg, 81, 84, 238, 336, 12
001562.jpg, 169, 25, 323, 369, 12
001601.jpg, 9, 34, 428, 355, 12
001639.jpg, 70, 69, 469, 333, 12
001655.jpg, 45, 63, 499, 374, 12
001656.jpg, 184, 113, 342, 258, 12
001731.jpg, 51, 186, 381, 332, 12
001751.jpg, 145, 53, 489, 325, 12
001763.jpg, 7, 26, 318, 350, 12
001767.jpg, 113, 69, 499, 358, 12
001824.jpg, 193, 174, 498, 374, 12
001851.jpg, 0, 83, 340, 497, 12
001914.jpg, 213, 244, 339, 482, 12
001984.jpg, 2, 53, 306, 374, 12
001984.jpg, 201, 84, 395, 329, 12
001984.jpg, 380, 96, 499, 367, 12
001992.jpg, 8, 138, 254, 317, 12
002076.jpg, 23, 80, 318, 269, 12
002111.jpg, 96, 213, 205, 309, 12
002131.jpg, 121, 5, 324, 255, 12
002133.jpg, 176, 126, 322, 263, 12
002138.jpg, 6, 20, 307, 328, 12
002141.jpg, 112, 235, 259, 440, 12
002160.jpg, 243, 144, 499, 312, 12
002160.jpg, 13, 111, 239, 256, 12
002200.jpg, 0, 7, 432, 357, 12
002203.jpg, 14, 118, 209, 328, 12
002207.jpg, 47, 189, 416, 465, 12
002243.jpg, 20, 22, 425, 348, 12
002254.jpg, 152, 264, 330, 492, 12
002286.jpg, 6, 80, 410, 300, 12
002286.jpg, 282, 123, 490, 323, 12
002327.jpg, 27, 83, 298, 482, 12
002341.jpg, 143, 152, 212, 249, 12
002341.jpg, 60, 79, 124, 146, 12
002396.jpg, 33, 94, 479, 359, 12
002408.jpg, 30, 121, 444, 330, 12
002428.jpg, 398, 117, 497, 302, 12
002447.jpg, 34, 87, 499, 340, 12
002464.jpg, 285, 125, 346, 226, 12
002485.jpg, 0, 16, 239, 371, 12
002535.jpg, 73, 53, 483, 271, 12
002541.jpg, 30, 66, 458, 289, 12
002574.jpg, 175, 69, 295, 306, 12
002587.jpg, 150, 91, 401, 365, 12
002587.jpg, 101, 74, 237, 267, 12
002587.jpg, 360, 25, 495, 307, 12
002597.jpg, 46, 36, 403, 241, 12
002652.jpg, 166, 128, 393, 330, 12
002663.jpg, 0, 35, 316, 317, 12
002708.jpg, 43, 140, 346, 332, 12
002805.jpg, 24, 97, 431, 392, 12
002831.jpg, 40, 53, 279, 464, 12
002849.jpg, 56, 62, 320, 267, 12
002852.jpg, 0, 133, 435, 355, 12
002852.jpg, 47, 62, 303, 157, 12
002852.jpg, 224, 149, 483, 238, 12
002853.jpg, 0, 6, 430, 267, 12
002860.jpg, 315, 185, 474, 330, 12
002876.jpg, 125, 14, 407, 370, 12
002923.jpg, 107, 21, 476, 332, 12
002973.jpg, 72, 110, 272, 446, 12
003040.jpg, 173, 149, 380, 265, 12
003114.jpg, 240, 132, 358, 244, 12
003125.jpg, 210, 27, 386, 336, 12
003171.jpg, 6, 19, 382, 470, 12
003174.jpg, 78, 34, 465, 239, 12
003180.jpg, 88, 66, 475, 372, 12
003224.jpg, 332, 182, 494, 332, 12
003246.jpg, 7, 103, 468, 374, 12
003264.jpg, 33, 57, 499, 236, 12
003266.jpg, 66, 100, 328, 337, 12
003266.jpg, 137, 323, 347, 497, 12
003310.jpg, 109, 71, 334, 453, 12
003326.jpg, 0, 51, 483, 499, 12
003332.jpg, 0, 62, 480, 431, 12
003352.jpg, 0, 140, 191, 447, 12
003361.jpg, 212, 248, 274, 285, 12
003418.jpg, 84, 373, 169, 446, 12
003418.jpg, 149, 260, 209, 379, 12
003440.jpg, 63, 73, 332, 480, 12
003472.jpg, 357, 161, 482, 301, 12
003490.jpg, 214, 225, 367, 332, 12
003592.jpg, 121, 256, 257, 319, 12
003672.jpg, 106, 164, 391, 307, 12
003693.jpg, 99, 139, 300, 353, 12
003728.jpg, 121, 137, 292, 266, 12
003737.jpg, 28, 172, 251, 489, 12
003739.jpg, 0, 63, 291, 374, 12
003762.jpg, 205, 179, 308, 267, 12
003785.jpg, 116, 52, 374, 326, 12
003794.jpg, 303, 41, 499, 374, 12
003805.jpg, 175, 95, 482, 293, 12
003819.jpg, 136, 67, 382, 298, 12
003819.jpg, 87, 205, 329, 341, 12
003854.jpg, 81, 81, 310, 499, 12
003888.jpg, 113, 58, 495, 374, 12
003901.jpg, 32, 73, 312, 473, 12
003920.jpg, 0, 83, 440, 339, 12
003933.jpg, 214, 29, 484, 302, 12
003933.jpg, 13, 68, 359, 328, 12
003964.jpg, 5, 21, 323, 436, 12
003977.jpg, 27, 8, 479, 499, 12
003980.jpg, 33, 21, 340, 374, 12
004002.jpg, 12, 90, 330, 262, 12
004021.jpg, 158, 0, 499, 374, 12
004029.jpg, 16, 47, 57, 122, 12
004062.jpg, 0, 88, 294, 282, 12
004079.jpg, 202, 23, 342, 315, 12
004086.jpg, 181, 138, 499, 369, 12
004086.jpg, 42, 11, 280, 162, 12
004112.jpg, 26, 109, 298, 368, 12
004112.jpg, 127, 29, 495, 372, 12
004130.jpg, 46, 83, 408, 319, 12
004157.jpg, 119, 70, 421, 332, 12
004202.jpg, 70, 152, 242, 346, 12
004202.jpg, 265, 105, 423, 372, 12
004226.jpg, 194, 34, 334, 364, 12
004267.jpg, 124, 40, 372, 282, 12
004288.jpg, 212, 115, 361, 367, 12
004306.jpg, 265, 131, 454, 362, 12
004306.jpg, 195, 27, 354, 338, 12
004343.jpg, 65, 49, 483, 308, 12
004419.jpg, 178, 184, 378, 374, 12
004465.jpg, 217, 183, 423, 335, 12
004472.jpg, 0, 0, 468, 371, 12
004501.jpg, 341, 118, 493, 374, 12
004501.jpg, 6, 212, 263, 349, 12
004501.jpg, 75, 172, 468, 369, 12
004545.jpg, 134, 197, 202, 351, 12
004569.jpg, 0, 23, 209, 494, 12
004620.jpg, 133, 45, 499, 255, 12
004621.jpg, 140, 103, 490, 360, 12
004670.jpg, 304, 224, 393, 276, 12
004696.jpg, 144, 92, 313, 200, 12
004758.jpg, 33, 53, 123, 245, 12
004767.jpg, 37, 88, 371, 370, 12
004787.jpg, 80, 18, 449, 337, 12
004925.jpg, 167, 163, 367, 499, 12
004945.jpg, 77, 77, 416, 351, 12
004945.jpg, 144, 39, 362, 205, 12
004979.jpg, 207, 106, 303, 273, 12
004993.jpg, 37, 90, 394, 276, 12
005010.jpg, 35, 123, 386, 356, 12
005012.jpg, 9, 295, 134, 499, 12
005050.jpg, 166, 91, 382, 356, 12
005051.jpg, 0, 11, 440, 411, 12
005082.jpg, 167, 195, 215, 276, 12
005127.jpg, 177, 83, 310, 311, 12
005152.jpg, 111, 23, 486, 374, 12
005194.jpg, 5, 17, 316, 460, 12
005277.jpg, 204, 108, 306, 238, 12
005308.jpg, 334, 172, 459, 306, 12
005361.jpg, 0, 82, 420, 465, 12
005394.jpg, 52, 133, 364, 499, 12
005400.jpg, 106, 84, 423, 374, 12
005426.jpg, 239, 35, 316, 255, 12
005446.jpg, 77, 14, 224, 214, 12
005476.jpg, 104, 164, 360, 493, 12
005482.jpg, 0, 40, 294, 191, 12
005512.jpg, 9, 26, 239, 332, 12
005512.jpg, 89, 22, 484, 289, 12
005512.jpg, 206, 21, 484, 133, 12
005528.jpg, 166, 10, 465, 398, 12
005557.jpg, 69, 115, 253, 450, 12
005602.jpg, 113, 103, 379, 253, 12
005602.jpg, 359, 146, 400, 185, 12
005671.jpg, 106, 36, 480, 374, 12
005692.jpg, 79, 42, 411, 240, 12
005703.jpg, 121, 127, 318, 269, 12
005712.jpg, 0, 8, 371, 321, 12
005744.jpg, 184, 214, 303, 499, 12
005776.jpg, 28, 83, 438, 342, 12
005785.jpg, 132, 114, 406, 281, 12
005810.jpg, 86, 3, 437, 289, 12
005835.jpg, 0, 218, 195, 332, 12
005835.jpg, 149, 223, 454, 331, 12
005892.jpg, 145, 99, 233, 155, 12
005913.jpg, 18, 71, 499, 309, 12
005937.jpg, 40, 54, 274, 256, 12
005955.jpg, 0, 5, 499, 215, 12
005997.jpg, 178, 124, 271, 330, 12
006007.jpg, 173, 78, 334, 259, 12
006037.jpg, 94, 50, 337, 189, 12
006039.jpg, 181, 47, 266, 127, 12
006039.jpg, 185, 50, 362, 167, 12
006044.jpg, 143, 16, 465, 365, 12
006099.jpg, 0, 3, 443, 357, 12
006112.jpg, 102, 20, 341, 370, 12
006149.jpg, 0, 19, 369, 310, 12
006167.jpg, 122, 194, 287, 332, 12
006182.jpg, 156, 100, 446, 274, 12
006182.jpg, 70, 75, 280, 159, 12
006194.jpg, 0, 0, 478, 297, 12
006245.jpg, 0, 33, 317, 369, 12
006253.jpg, 0, 76, 196, 333, 12
006266.jpg, 353, 169, 457, 264, 12
006273.jpg, 255, 38, 335, 220, 12
006315.jpg, 222, 101, 400, 353, 12
006328.jpg, 172, 88, 277, 281, 12
006354.jpg, 4, 76, 449, 290, 12
006399.jpg, 195, 15, 476, 299, 12
006403.jpg, 177, 60, 499, 362, 12
006457.jpg, 52, 28, 436, 372, 12
006479.jpg, 33, 78, 347, 334, 12
006537.jpg, 128, 28, 479, 323, 12
006568.jpg, 8, 54, 290, 489, 12
006571.jpg, 39, 24, 441, 349, 12
006580.jpg, 374, 237, 417, 282, 12
006580.jpg, 115, 221, 183, 302, 12
006607.jpg, 14, 57, 453, 360, 12
006655.jpg, 51, 151, 308, 416, 12
006791.jpg, 58, 28, 409, 306, 12
006791.jpg, 63, 4, 182, 253, 12
006815.jpg, 197, 136, 444, 250, 12
006846.jpg, 83, 66, 313, 479, 12
006870.jpg, 0, 0, 458, 329, 12
006877.jpg, 17, 22, 281, 459, 12
006915.jpg, 249, 214, 453, 371, 12
006915.jpg, 65, 93, 382, 317, 12
006928.jpg, 193, 35, 485, 385, 12
006961.jpg, 17, 0, 314, 473, 12
006969.jpg, 126, 47, 420, 361, 12
006991.jpg, 177, 130, 468, 319, 12
006991.jpg, 194, 120, 336, 246, 12
006998.jpg, 28, 35, 454, 325, 12
007024.jpg, 102, 116, 191, 193, 12
007081.jpg, 159, 75, 291, 339, 12
