000011.jpg, 143, 56, 322, 308, 8
000028.jpg, 35, 25, 374, 473, 8
000049.jpg, 166, 128, 361, 226, 8
000053.jpg, 56, 12, 423, 294, 8
000092.jpg, 54, 44, 447, 305, 8
000114.jpg, 147, 74, 416, 344, 8
000119.jpg, 109, 86, 307, 339, 8
000136.jpg, 329, 202, 400, 267, 8
000213.jpg, 88, 56, 343, 329, 8
000227.jpg, 219, 133, 362, 350, 8
000292.jpg, 80, 0, 459, 370, 8
000365.jpg, 130, 140, 315, 376, 8
000401.jpg, 135, 135, 498, 364, 8
000401.jpg, 0, 109, 191, 269, 8
000442.jpg, 36, 0, 477, 373, 8
000542.jpg, 0, 0, 499, 348, 8
000638.jpg, 29, 9, 334, 345, 8
000651.jpg, 93, 35, 489, 361, 8
000673.jpg, 3, 24, 480, 298, 8
000741.jpg, 32, 84, 403, 374, 8
000803.jpg, 87, 66, 287, 261, 8
000877.jpg, 154, 89, 313, 290, 8
000928.jpg, 18, 61, 252, 245, 8
000998.jpg, 0, 96, 331, 499, 8
001019.jpg, 58, 0, 374, 424, 8
001032.jpg, 116, 0, 469, 374, 8
001048.jpg, 128, 86, 415, 254, 8
001098.jpg, 21, 15, 352, 496, 8
001128.jpg, 5, 91, 320, 296, 8
001128.jpg, 269, 75, 382, 161, 8
001132.jpg, 77, 83, 440, 282, 8
001173.jpg, 305, 53, 494, 305, 8
001216.jpg, 107, 125, 211, 229, 8
001216.jpg, 309, 62, 373, 163, 8
001249.jpg, 23, 333, 346, 466, 8
001381.jpg, 89, 46, 440, 332, 8
001389.jpg, 216, 163, 382, 351, 8
001392.jpg, 34, 63, 499, 322, 8
001401.jpg, 85, 114, 434, 284, 8
001428.jpg, 136, 193, 409, 342, 8
001520.jpg, 4, 100, 474, 320, 8
001542.jpg, 30, 90, 461, 250, 8
001573.jpg, 164, 104, 341, 292, 8
001592.jpg, 235, 24, 495, 201, 8
001592.jpg, 0, 34, 247, 161, 8
001663.jpg, 30, 49, 499, 353, 8
001694.jpg, 72, 11, 455, 293, 8
001702.jpg, 3, 48, 442, 365, 8
001762.jpg, 138, 57, 384, 282, 8
001763.jpg, 261, 96, 499, 374, 8
001774.jpg, 36, 68, 499, 292, 8
001790.jpg, 72, 0, 310, 467, 8
001835.jpg, 19, 89, 293, 349, 8
001874.jpg, 27, 35, 283, 436, 8
001890.jpg, 58, 73, 444, 290, 8
001909.jpg, 121, 0, 481, 332, 8
001966.jpg, 0, 25, 128, 302, 8
001966.jpg, 361, 38, 499, 374, 8
002003.jpg, 0, 0, 461, 371, 8
002048.jpg, 98, 129, 259, 255, 8
002059.jpg, 34, 65, 469, 353, 8
002084.jpg, 0, 23, 350, 369, 8
002106.jpg, 15, 0, 373, 492, 8
002113.jpg, 54, 14, 350, 478, 8
002147.jpg, 34, 8, 495, 331, 8
002162.jpg, 70, 70, 484, 273, 8
002167.jpg, 66, 153, 206, 332, 8
002205.jpg, 91, 0, 499, 368, 8
002222.jpg, 10, 33, 317, 341, 8
002275.jpg, 0, 5, 450, 420, 8
002303.jpg, 66, 28, 456, 331, 8
002304.jpg, 9, 97, 476, 298, 8
002312.jpg, 0, 27, 482, 262, 8
002388.jpg, 117, 0, 499, 308, 8
002430.jpg, 48, 32, 359, 359, 8
002440.jpg, 55, 23, 303, 499, 8
002453.jpg, 10, 34, 244, 199, 8
002453.jpg, 242, 32, 498, 202, 8
002552.jpg, 93, 242, 174, 352, 8
002597.jpg, 66, 80, 413, 359, 8
002616.jpg, 53, 10, 388, 271, 8
002620.jpg, 26, 228, 241, 431, 8
002642.jpg, 64, 121, 214, 384, 8
002694.jpg, 23, 53, 318, 312, 8
002694.jpg, 304, 17, 445, 293, 8
002736.jpg, 34, 71, 374, 482, 8
002740.jpg, 39, 115, 257, 306, 8
002787.jpg, 48, 56, 265, 255, 8
002787.jpg, 111, 117, 435, 368, 8
002926.jpg, 102, 120, 270, 219, 8
002936.jpg, 75, 20, 412, 324, 8
002959.jpg, 119, 289, 300, 401, 8
002970.jpg, 73, 68, 464, 374, 8
003019.jpg, 20, 52, 499, 370, 8
003080.jpg, 134, 71, 375, 328, 8
003119.jpg, 83, 17, 484, 334, 8
003166.jpg, 0, 70, 499, 375, 8
003198.jpg, 84, 29, 480, 121, 8
003227.jpg, 56, 19, 499, 364, 8
003238.jpg, 43, 68, 397, 401, 8
003287.jpg, 22, 6, 332, 261, 8
003319.jpg, 33, 43, 304, 305, 8
003371.jpg, 236, 80, 498, 374, 8
003427.jpg, 199, 131, 499, 374, 8
003480.jpg, 9, 0, 499, 363, 8
003504.jpg, 25, 35, 455, 374, 8
003540.jpg, 23, 4, 284, 225, 8
003560.jpg, 69, 74, 465, 358, 8
003615.jpg, 125, 77, 355, 320, 8
003647.jpg, 78, 50, 256, 329, 8
003647.jpg, 183, 59, 409, 339, 8
003724.jpg, 65, 116, 390, 261, 8
003778.jpg, 11, 70, 446, 417, 8
003782.jpg, 106, 27, 381, 304, 8
003782.jpg, 12, 101, 240, 291, 8
003782.jpg, 295, 63, 467, 309, 8
003812.jpg, 145, 61, 427, 350, 8
003813.jpg, 56, 13, 313, 323, 8
003816.jpg, 247, 77, 437, 256, 8
003880.jpg, 223, 32, 449, 314, 8
003906.jpg, 123, 0, 402, 332, 8
003925.jpg, 0, 45, 267, 238, 8
004029.jpg, 438, 48, 486, 137, 8
004048.jpg, 6, 0, 385, 374, 8
004114.jpg, 0, 135, 414, 325, 8
004116.jpg, 158, 57, 318, 278, 8
004165.jpg, 89, 37, 455, 327, 8
004188.jpg, 187, 13, 490, 374, 8
004252.jpg, 156, 244, 320, 374, 8
004308.jpg, 74, 141, 283, 399, 8
004353.jpg, 6, 5, 356, 316, 8
004427.jpg, 95, 36, 283, 349, 8
004444.jpg, 53, 38, 448, 330, 8
004467.jpg, 136, 45, 412, 321, 8
004489.jpg, 86, 20, 364, 315, 8
004504.jpg, 0, 56, 247, 332, 8
004511.jpg, 7, 0, 257, 229, 8
004515.jpg, 22, 72, 362, 394, 8
004577.jpg, 56, 75, 458, 282, 8
004658.jpg, 122, 165, 209, 302, 8
004720.jpg, 234, 144, 311, 226, 8
004736.jpg, 109, 42, 289, 489, 8
004759.jpg, 4, 17, 499, 364, 8
004809.jpg, 70, 14, 327, 323, 8
004845.jpg, 0, 0, 336, 326, 8
004851.jpg, 79, 48, 492, 367, 8
004888.jpg, 96, 171, 210, 393, 8
004888.jpg, 204, 179, 342, 410, 8
004934.jpg, 286, 14, 495, 332, 8
004975.jpg, 27, 98, 349, 482, 8
005038.jpg, 105, 132, 421, 297, 8
005089.jpg, 30, 57, 256, 233, 8
005109.jpg, 26, 4, 484, 349, 8
005155.jpg, 0, 11, 464, 365, 8
005196.jpg, 9, 169, 218, 309, 8
005200.jpg, 112, 10, 475, 188, 8
005201.jpg, 161, 63, 443, 356, 8
005228.jpg, 280, 96, 499, 194, 8
005300.jpg, 218, 37, 316, 250, 8
005309.jpg, 0, 5, 499, 314, 8
005317.jpg, 29, 37, 499, 326, 8
005444.jpg, 67, 88, 401, 367, 8
005452.jpg, 167, 125, 359, 242, 8
005460.jpg, 19, 87, 484, 382, 8
005462.jpg, 0, 29, 301, 434, 8
005474.jpg, 82, 58, 353, 301, 8
005538.jpg, 45, 277, 164, 417, 8
005562.jpg, 10, 35, 487, 368, 8
005581.jpg, 183, 151, 234, 235, 8
005607.jpg, 214, 141, 318, 288, 8
005646.jpg, 179, 164, 324, 236, 8
005688.jpg, 133, 67, 433, 317, 8
005820.jpg, 45, 16, 486, 301, 8
005832.jpg, 0, 142, 351, 273, 8
005872.jpg, 15, 75, 417, 360, 8
005936.jpg, 46, 70, 413, 245, 8
005939.jpg, 184, 145, 311, 275, 8
005949.jpg, 112, 28, 499, 332, 8
005957.jpg, 78, 28, 479, 364, 8
005962.jpg, 14, 71, 334, 333, 8
005977.jpg, 10, 81, 418, 368, 8
006052.jpg, 145, 42, 445, 347, 8
006063.jpg, 42, 66, 350, 322, 8
006064.jpg, 72, 0, 496, 367, 8
006080.jpg, 3, 0, 467, 499, 8
006090.jpg, 141, 61, 370, 499, 8
006114.jpg, 262, 246, 374, 493, 8
006144.jpg, 73, 125, 267, 497, 8
006253.jpg, 304, 127, 489, 275, 8
006265.jpg, 181, 117, 399, 271, 8
006280.jpg, 278, 99, 451, 233, 8
006303.jpg, 165, 143, 317, 339, 8
006336.jpg, 18, 0, 363, 469, 8
006394.jpg, 20, 17, 315, 488, 8
006439.jpg, 80, 1, 374, 361, 8
006451.jpg, 0, 64, 306, 281, 8
006494.jpg, 35, 73, 308, 499, 8
006498.jpg, 33, 22, 279, 499, 8
006558.jpg, 0, 114, 346, 344, 8
006596.jpg, 72, 101, 490, 348, 8
006596.jpg, 198, 106, 420, 222, 8
006641.jpg, 3, 2, 398, 374, 8
006675.jpg, 44, 109, 466, 239, 8
006688.jpg, 58, 58, 460, 282, 8
006774.jpg, 10, 107, 451, 304, 8
006801.jpg, 71, 120, 499, 312, 8
006818.jpg, 209, 134, 469, 245, 8
006820.jpg, 55, 10, 478, 374, 8
006871.jpg, 162, 58, 499, 332, 8
006894.jpg, 359, 45, 497, 346, 8
006960.jpg, 95, 66, 416, 340, 8
006979.jpg, 43, 0, 415, 496, 8
006985.jpg, 212, 149, 325, 219, 8
006999.jpg, 7, 45, 423, 374, 8
007027.jpg, 65, 40, 489, 236, 8
007041.jpg, 28, 74, 371, 482, 8
007063.jpg, 192, 32, 499, 325, 8
007098.jpg, 77, 127, 495, 450, 8
007098.jpg, 26, 90, 251, 378, 8
007145.jpg, 113, 76, 495, 328, 8
007199.jpg, 98, 49, 475, 371, 8
007221.jpg, 32, 40, 460, 338, 8
007238.jpg, 50, 195, 223, 410, 8
007291.jpg, 86, 18, 496, 374, 8
007321.jpg, 208, 178, 324, 318, 8
007331.jpg, 108, 3, 446, 358, 8
007360.jpg, 188, 62, 480, 300, 8
007409.jpg, 64, 87, 466, 337, 8
007409.jpg, 312, 120, 451, 323, 8
007441.jpg, 81, 38, 416, 355, 8
007463.jpg, 177, 0, 374, 499, 8
007487.jpg, 170, 0, 499, 374, 8
007542.jpg, 27, 113, 499, 374, 8
007574.jpg, 79, 49, 464, 272, 8
007661.jpg, 0, 71, 429, 374, 8
007733.jpg, 0, 206, 473, 381, 8
007811.jpg, 159, 200, 417, 374, 8
007823.jpg, 39, 72, 367, 365, 8
007829.jpg, 84, 84, 322, 386, 8
007867.jpg, 0, 45, 483, 297, 8
007880.jpg, 34, 78, 461, 238, 8
007938.jpg, 0, 81, 410, 293, 8
008011.jpg, 67, 2, 256, 253, 8
008089.jpg, 335, 89, 450, 259, 8
008182.jpg, 69, 96, 471, 251, 8
008240.jpg, 273, 127, 481, 349, 8
008240.jpg, 88, 86, 305, 316, 8
008267.jpg, 188, 142, 352, 372, 8
008267.jpg, 34, 154, 161, 241, 8
008361.jpg, 220, 20, 417, 293, 8
008516.jpg, 147, 44, 499, 289, 8
008525.jpg, 253, 256, 364, 479, 8
008539.jpg, 27, 17, 391, 331, 8
008575.jpg, 8, 26, 326, 375, 8
008703.jpg, 192, 77, 499, 377, 8
008737.jpg, 52, 3, 440, 332, 8
008767.jpg, 209, 87, 439, 338, 8
008787.jpg, 163, 22, 485, 348, 8
008830.jpg, 72, 133, 250, 254, 8
008846.jpg, 185, 87, 370, 288, 8
008860.jpg, 0, 0, 260, 298, 8
008875.jpg, 200, 264, 362, 471, 8
008906.jpg, 171, 158, 272, 228, 8
008924.jpg, 21, 37, 499, 374, 8
008935.jpg, 71, 0, 499, 306, 8
008972.jpg, 65, 83, 363, 480, 8
008996.jpg, 69, 133, 304, 470, 8
009057.jpg, 153, 85, 421, 299, 8
009090.jpg, 221, 76, 347, 201, 8
009107.jpg, 0, 39, 407, 361, 8
009132.jpg, 123, 50, 473, 321, 8
009183.jpg, 48, 0, 467, 349, 8
009216.jpg, 181, 0, 391, 116, 8
009234.jpg, 12, 90, 277, 374, 8
009256.jpg, 90, 67, 461, 329, 8
009310.jpg, 173, 121, 273, 253, 8
009346.jpg, 329, 100, 436, 328, 8
009346.jpg, 93, 103, 227, 315, 8
009352.jpg, 252, 125, 385, 258, 8
