000001.jpg, 30, 3, 352, 499, 15
000010.jpg, 137, 71, 262, 320, 15
000014.jpg, 352, 2, 389, 63, 15
000022.jpg, 178, 48, 255, 231, 15
000025.jpg, 311, 5, 493, 362, 15
000025.jpg, 213, 0, 344, 272, 15
000025.jpg, 339, 8, 372, 100, 15
000025.jpg, 112, 4, 223, 199, 15
000027.jpg, 151, 78, 360, 353, 15
000038.jpg, 195, 85, 251, 240, 15
000043.jpg, 9, 87, 286, 499, 15
000055.jpg, 220, 105, 272, 193, 15
000055.jpg, 402, 271, 435, 310, 15
000055.jpg, 13, 216, 49, 263, 15
000055.jpg, 462, 267, 484, 312, 15
000055.jpg, 122, 154, 184, 206, 15
000058.jpg, 326, 0, 437, 374, 15
000058.jpg, 196, 71, 306, 333, 15
000058.jpg, 274, 51, 352, 325, 15
000059.jpg, 111, 202, 315, 499, 15
000059.jpg, 72, 279, 108, 352, 15
000059.jpg, 345, 238, 374, 397, 15
000059.jpg, 114, 279, 157, 375, 15
000069.jpg, 298, 150, 395, 374, 15
000076.jpg, 252, 106, 452, 374, 15
000076.jpg, 0, 153, 27, 294, 15
000076.jpg, 44, 162, 82, 293, 15
000076.jpg, 77, 82, 280, 374, 15
000076.jpg, 370, 126, 436, 203, 15
000076.jpg, 79, 148, 117, 247, 15
000076.jpg, 243, 147, 292, 207, 15
000076.jpg, 450, 208, 475, 265, 15
000085.jpg, 14, 37, 227, 319, 15
000085.jpg, 338, 14, 487, 238, 15
000090.jpg, 87, 43, 313, 302, 15
000096.jpg, 0, 131, 240, 499, 15
000096.jpg, 149, 84, 329, 491, 15
000097.jpg, 207, 139, 256, 235, 15
000105.jpg, 201, 66, 303, 225, 15
000105.jpg, 168, 108, 229, 219, 15
000111.jpg, 436, 257, 496, 369, 15
000111.jpg, 114, 180, 136, 220, 15
000124.jpg, 119, 10, 493, 374, 15
000124.jpg, 0, 6, 89, 158, 15
000124.jpg, 234, 27, 316, 151, 15
000127.jpg, 43, 11, 289, 374, 15
000139.jpg, 147, 50, 265, 233, 15
000144.jpg, 163, 66, 282, 207, 15
000144.jpg, 0, 111, 114, 332, 15
000144.jpg, 358, 6, 492, 311, 15
000144.jpg, 406, 23, 479, 115, 15
000151.jpg, 6, 47, 209, 431, 15
000166.jpg, 75, 112, 163, 257, 15
000166.jpg, 326, 175, 350, 241, 15
000166.jpg, 0, 164, 28, 267, 15
000166.jpg, 252, 175, 287, 216, 15
000168.jpg, 87, 93, 221, 303, 15
000178.jpg, 8, 0, 114, 226, 15
000178.jpg, 373, 3, 394, 107, 15
000181.jpg, 123, 157, 232, 361, 15
000181.jpg, 14, 125, 142, 317, 15
000181.jpg, 252, 159, 305, 220, 15
000181.jpg, 321, 204, 376, 304, 15
000182.jpg, 115, 55, 323, 367, 15
000185.jpg, 240, 237, 330, 376, 15
000188.jpg, 24, 117, 70, 205, 15
000191.jpg, 28, 198, 146, 499, 15
000191.jpg, 225, 219, 303, 452, 15
000191.jpg, 167, 246, 188, 290, 15
000191.jpg, 200, 245, 221, 295, 15
000191.jpg, 134, 237, 155, 299, 15
000201.jpg, 264, 67, 377, 264, 15
000201.jpg, 318, 40, 373, 82, 15
000201.jpg, 383, 40, 408, 68, 15
000201.jpg, 183, 70, 218, 111, 15
000202.jpg, 8, 9, 237, 373, 15
000202.jpg, 196, 71, 436, 368, 15
000205.jpg, 77, 161, 246, 353, 15
000206.jpg, 92, 349, 183, 499, 15
000212.jpg, 148, 138, 201, 200, 15
000212.jpg, 235, 99, 284, 182, 15
000212.jpg, 0, 85, 163, 328, 15
000212.jpg, 281, 100, 340, 206, 15
000212.jpg, 356, 63, 384, 106, 15
000212.jpg, 469, 125, 499, 240, 15
000212.jpg, 326, 59, 358, 107, 15
000212.jpg, 262, 136, 312, 193, 15
000226.jpg, 345, 167, 405, 287, 15
000226.jpg, 225, 151, 286, 251, 15
000230.jpg, 230, 70, 358, 358, 15
000231.jpg, 335, 124, 365, 218, 15
000237.jpg, 228, 39, 346, 172, 15
000238.jpg, 435, 244, 485, 368, 15
000239.jpg, 0, 137, 33, 270, 15
000239.jpg, 35, 164, 96, 234, 15
000240.jpg, 348, 148, 376, 187, 15
000240.jpg, 161, 153, 181, 192, 15
000247.jpg, 137, 126, 248, 419, 15
000247.jpg, 274, 165, 374, 347, 15
000248.jpg, 224, 152, 261, 287, 15
000252.jpg, 233, 104, 262, 137, 15
000258.jpg, 344, 22, 499, 332, 15
000264.jpg, 117, 74, 297, 413, 15
000265.jpg, 252, 22, 353, 161, 15
000265.jpg, 12, 186, 129, 332, 15
000265.jpg, 107, 189, 196, 332, 15
000265.jpg, 145, 234, 211, 313, 15
000271.jpg, 36, 173, 65, 226, 15
000271.jpg, 329, 186, 361, 232, 15
000271.jpg, 389, 215, 413, 242, 15
000272.jpg, 31, 77, 249, 499, 15
000279.jpg, 73, 187, 210, 337, 15
000279.jpg, 217, 210, 304, 319, 15
000279.jpg, 294, 199, 387, 306, 15
000280.jpg, 158, 84, 285, 309, 15
000283.jpg, 74, 24, 192, 289, 15
000283.jpg, 324, 97, 462, 411, 15
000286.jpg, 269, 3, 499, 374, 15
000287.jpg, 0, 0, 320, 365, 15
000287.jpg, 414, 66, 484, 141, 15
000293.jpg, 9, 13, 80, 185, 15
000293.jpg, 166, 40, 204, 117, 15
000293.jpg, 142, 41, 177, 137, 15
000293.jpg, 451, 51, 495, 171, 15
000297.jpg, 228, 181, 350, 391, 15
000299.jpg, 152, 121, 291, 337, 15
000299.jpg, 0, 49, 30, 90, 15
000310.jpg, 164, 96, 294, 374, 15
000310.jpg, 259, 117, 349, 374, 15
000310.jpg, 89, 141, 138, 221, 15
000310.jpg, 53, 151, 92, 228, 15
000315.jpg, 54, 170, 358, 499, 15
000315.jpg, 258, 96, 374, 493, 15
000315.jpg, 0, 120, 151, 499, 15
000319.jpg, 158, 50, 225, 212, 15
000330.jpg, 188, 43, 315, 194, 15
000339.jpg, 205, 179, 313, 360, 15
000339.jpg, 2, 110, 222, 361, 15
000339.jpg, 336, 87, 467, 340, 15
000339.jpg, 440, 202, 499, 371, 15
000341.jpg, 420, 155, 437, 192, 15
000342.jpg, 96, 135, 301, 332, 15
000346.jpg, 194, 83, 499, 373, 15
000346.jpg, 61, 196, 127, 255, 15
000348.jpg, 208, 102, 306, 302, 15
000356.jpg, 89, 116, 238, 314, 15
000358.jpg, 19, 16, 116, 299, 15
000364.jpg, 342, 5, 453, 116, 15
000368.jpg, 127, 23, 266, 477, 15
000369.jpg, 333, 74, 498, 363, 15
000369.jpg, 131, 93, 372, 267, 15
000369.jpg, 0, 96, 138, 351, 15
000377.jpg, 19, 84, 122, 238, 15
000377.jpg, 212, 155, 305, 268, 15
000377.jpg, 282, 108, 347, 242, 15
000377.jpg, 377, 81, 484, 354, 15
000377.jpg, 119, 84, 196, 234, 15
000377.jpg, 145, 159, 210, 256, 15
000377.jpg, 330, 86, 403, 288, 15
000377.jpg, 190, 93, 258, 204, 15
000378.jpg, 66, 7, 151, 209, 15
000386.jpg, 64, 142, 194, 374, 15
000388.jpg, 0, 99, 194, 499, 15
000388.jpg, 139, 0, 331, 499, 15
000392.jpg, 204, 57, 296, 178, 15
000392.jpg, 81, 116, 109, 160, 15
000393.jpg, 248, 57, 303, 205, 15
000405.jpg, 37, 28, 248, 439, 15
000405.jpg, 176, 216, 297, 499, 15
000409.jpg, 31, 11, 331, 468, 15
000410.jpg, 258, 232, 294, 320, 15
000410.jpg, 10, 186, 59, 341, 15
000413.jpg, 134, 143, 243, 354, 15
000413.jpg, 42, 282, 140, 374, 15
000413.jpg, 28, 308, 69, 366, 15
000413.jpg, 218, 32, 437, 374, 15
000414.jpg, 122, 104, 215, 196, 15
000421.jpg, 297, 19, 499, 374, 15
000423.jpg, 352, 84, 467, 323, 15
000423.jpg, 50, 78, 125, 260, 15
000423.jpg, 480, 41, 499, 166, 15
000429.jpg, 0, 251, 54, 357, 15
000434.jpg, 193, 47, 294, 201, 15
000437.jpg, 324, 97, 381, 225, 15
000437.jpg, 95, 139, 135, 218, 15
000445.jpg, 338, 61, 407, 170, 15
000445.jpg, 183, 45, 286, 170, 15
000445.jpg, 39, 36, 116, 177, 15
000445.jpg, 151, 42, 191, 110, 15
000447.jpg, 188, 39, 290, 191, 15
000449.jpg, 424, 50, 480, 182, 15
000449.jpg, 236, 116, 310, 204, 15
000449.jpg, 128, 91, 194, 202, 15
000449.jpg, 301, 151, 339, 194, 15
000453.jpg, 254, 141, 292, 178, 15
000455.jpg, 211, 34, 304, 215, 15
000457.jpg, 21, 118, 323, 491, 15
000458.jpg, 20, 3, 116, 217, 15
000458.jpg, 4, 47, 62, 201, 15
000458.jpg, 144, 0, 190, 30, 15
000458.jpg, 191, 32, 398, 352, 15
000467.jpg, 84, 79, 182, 247, 15
000467.jpg, 295, 82, 362, 194, 15
000467.jpg, 402, 77, 452, 150, 15
000467.jpg, 183, 83, 282, 210, 15
000479.jpg, 139, 0, 366, 463, 15
000485.jpg, 73, 116, 390, 332, 15
000490.jpg, 141, 71, 253, 317, 15
000490.jpg, 244, 128, 499, 320, 15
000490.jpg, 108, 69, 179, 315, 15
000493.jpg, 24, 67, 186, 340, 15
000493.jpg, 134, 73, 230, 340, 15
000493.jpg, 324, 21, 468, 339, 15
000493.jpg, 212, 76, 312, 326, 15
000497.jpg, 203, 180, 296, 449, 15
000497.jpg, 388, 232, 425, 320, 15
000497.jpg, 432, 226, 463, 274, 15
000502.jpg, 58, 0, 463, 371, 15
000502.jpg, 149, 232, 200, 344, 15
000504.jpg, 28, 44, 71, 185, 15
000504.jpg, 2, 44, 46, 189, 15
000506.jpg, 26, 0, 356, 481, 15
000507.jpg, 15, 169, 70, 271, 15
000507.jpg, 284, 207, 393, 275, 15
000507.jpg, 121, 156, 165, 230, 15
000507.jpg, 250, 156, 311, 265, 15
000507.jpg, 298, 89, 345, 247, 15
000507.jpg, 168, 48, 270, 232, 15
000507.jpg, 3, 215, 23, 283, 15
000507.jpg, 3, 138, 32, 203, 15
000507.jpg, 66, 154, 123, 261, 15
000507.jpg, 158, 167, 213, 213, 15
000517.jpg, 165, 25, 354, 369, 15
000527.jpg, 152, 165, 228, 275, 15
000527.jpg, 57, 81, 81, 154, 15
000527.jpg, 224, 156, 292, 265, 15
000527.jpg, 330, 136, 353, 179, 15
000532.jpg, 218, 90, 399, 297, 15
000534.jpg, 2, 44, 454, 483, 15
000536.jpg, 475, 207, 493, 289, 15
000538.jpg, 70, 123, 113, 198, 15
000538.jpg, 8, 138, 51, 249, 15
000538.jpg, 374, 175, 396, 219, 15
000539.jpg, 35, 106, 216, 361, 15
000546.jpg, 283, 43, 484, 367, 15
000547.jpg, 201, 222, 229, 260, 15
000547.jpg, 5, 387, 44, 471, 15
000547.jpg, 83, 151, 114, 235, 15
000547.jpg, 32, 315, 65, 417, 15
000547.jpg, 257, 226, 288, 333, 15
000547.jpg, 66, 34, 96, 111, 15
000547.jpg, 118, 10, 145, 84, 15
000562.jpg, 194, 133, 264, 271, 15
000566.jpg, 89, 17, 300, 332, 15
000567.jpg, 155, 51, 300, 374, 15
000570.jpg, 239, 32, 410, 284, 15
000578.jpg, 32, 0, 303, 499, 15
000586.jpg, 97, 328, 140, 450, 15
000587.jpg, 247, 122, 468, 256, 15
000587.jpg, 0, 164, 235, 374, 15
000587.jpg, 199, 173, 260, 274, 15
000587.jpg, 247, 152, 317, 259, 15
000594.jpg, 125, 51, 479, 289, 15
000602.jpg, 259, 136, 487, 332, 15
000604.jpg, 114, 158, 231, 383, 15
000606.jpg, 339, 75, 485, 265, 15
000606.jpg, 155, 98, 275, 235, 15
000606.jpg, 22, 99, 187, 374, 15
000606.jpg, 175, 63, 213, 134, 15
000607.jpg, 107, 65, 139, 120, 15
000607.jpg, 237, 95, 258, 130, 15
000607.jpg, 187, 118, 263, 289, 15
000607.jpg, 71, 72, 96, 120, 15
000607.jpg, 85, 246, 106, 280, 15
000615.jpg, 24, 16, 164, 314, 15
000615.jpg, 319, 41, 478, 374, 15
000616.jpg, 354, 141, 445, 397, 15
000617.jpg, 365, 0, 499, 258, 15
000621.jpg, 139, 54, 248, 361, 15
000621.jpg, 259, 161, 340, 325, 15
000623.jpg, 154, 22, 199, 112, 15
000624.jpg, 0, 163, 87, 316, 15
000624.jpg, 460, 68, 499, 178, 15
000624.jpg, 388, 67, 416, 137, 15
000624.jpg, 433, 70, 456, 145, 15
000624.jpg, 4, 51, 79, 229, 15
000624.jpg, 338, 76, 357, 101, 15
000624.jpg, 365, 74, 392, 113, 15
000624.jpg, 319, 61, 342, 95, 15
000630.jpg, 268, 148, 417, 349, 15
000634.jpg, 150, 193, 190, 292, 15
000634.jpg, 208, 147, 229, 181, 15
000639.jpg, 0, 86, 328, 499, 15
000641.jpg, 159, 110, 295, 309, 15
000642.jpg, 37, 15, 419, 358, 15
000643.jpg, 248, 150, 350, 374, 15
000643.jpg, 146, 102, 252, 374, 15
000644.jpg, 211, 113, 310, 190, 15
000649.jpg, 329, 165, 377, 214, 15
000652.jpg, 233, 1, 404, 374, 15
000652.jpg, 95, 64, 243, 330, 15
000655.jpg, 209, 87, 377, 296, 15
000662.jpg, 49, 25, 461, 197, 15
000664.jpg, 27, 0, 346, 374, 15
000666.jpg, 35, 153, 107, 332, 15
000666.jpg, 328, 167, 383, 323, 15
000670.jpg, 183, 39, 499, 372, 15
000670.jpg, 0, 53, 195, 374, 15
000683.jpg, 310, 53, 499, 300, 15
000683.jpg, 116, 49, 323, 322, 15
000683.jpg, 8, 17, 123, 332, 15
000683.jpg, 271, 2, 305, 44, 15
000687.jpg, 60, 13, 97, 119, 15
000687.jpg, 150, 20, 182, 71, 15
000687.jpg, 101, 11, 139, 82, 15
000687.jpg, 234, 35, 297, 95, 15
000692.jpg, 138, 37, 366, 209, 15
000692.jpg, 7, 12, 224, 238, 15
000693.jpg, 62, 139, 108, 291, 15
000693.jpg, 12, 139, 51, 294, 15
000693.jpg, 104, 152, 145, 305, 15
000693.jpg, 216, 142, 272, 288, 15
000693.jpg, 327, 136, 364, 188, 15
000693.jpg, 264, 144, 320, 272, 15
000696.jpg, 172, 275, 195, 312, 15
000697.jpg, 142, 138, 222, 306, 15
000701.jpg, 61, 0, 499, 314, 15
000704.jpg, 266, 16, 356, 135, 15
000704.jpg, 344, 15, 440, 225, 15
000715.jpg, 195, 52, 245, 131, 15
000719.jpg, 367, 152, 418, 261, 15
000719.jpg, 426, 164, 463, 282, 15
000719.jpg, 314, 134, 341, 216, 15
000719.jpg, 237, 151, 267, 234, 15
000719.jpg, 446, 169, 483, 273, 15
000719.jpg, 364, 104, 393, 175, 15
000723.jpg, 397, 205, 458, 350, 15
000723.jpg, 311, 190, 367, 325, 15
000723.jpg, 0, 209, 38, 374, 15
000723.jpg, 68, 187, 94, 242, 15
000727.jpg, 323, 356, 356, 432, 15
000734.jpg, 273, 88, 347, 250, 15
000735.jpg, 359, 164, 386, 243, 15
000735.jpg, 140, 110, 211, 263, 15
000744.jpg, 339, 167, 495, 374, 15
000744.jpg, 256, 97, 343, 190, 15
000744.jpg, 2, 177, 105, 371, 15
000744.jpg, 122, 119, 186, 266, 15
000744.jpg, 160, 107, 256, 228, 15
000744.jpg, 351, 122, 407, 192, 15
000758.jpg, 159, 73, 382, 298, 15
000762.jpg, 1, 9, 128, 271, 15
000762.jpg, 372, 58, 499, 271, 15
000762.jpg, 143, 124, 220, 220, 15
000762.jpg, 217, 146, 262, 199, 15
000762.jpg, 258, 148, 291, 188, 15
000762.jpg, 100, 108, 145, 213, 15
000765.jpg, 0, 0, 324, 374, 15
000766.jpg, 37, 10, 464, 332, 15
000769.jpg, 129, 0, 489, 332, 15
000781.jpg, 93, 34, 499, 395, 15
000783.jpg, 192, 57, 308, 241, 15
000784.jpg, 348, 82, 426, 361, 15
000784.jpg, 70, 93, 160, 371, 15
000784.jpg, 257, 62, 359, 368, 15
000784.jpg, 338, 47, 400, 122, 15
000784.jpg, 159, 90, 246, 374, 15
000784.jpg, 145, 28, 194, 118, 15
000784.jpg, 121, 32, 165, 102, 15
000784.jpg, 186, 49, 236, 108, 15
000798.jpg, 50, 113, 264, 329, 15
000798.jpg, 186, 109, 400, 299, 15
000807.jpg, 42, 93, 140, 499, 15
000819.jpg, 69, 9, 313, 342, 15
000836.jpg, 90, 104, 216, 307, 15
000839.jpg, 253, 146, 431, 349, 15
000839.jpg, 219, 97, 281, 199, 15
000839.jpg, 157, 110, 227, 217, 15
000839.jpg, 325, 97, 433, 241, 15
000839.jpg, 270, 102, 362, 237, 15
000856.jpg, 150, 70, 311, 300, 15
000858.jpg, 60, 187, 108, 288, 15
000858.jpg, 145, 196, 169, 285, 15
000858.jpg, 116, 206, 133, 248, 15
000861.jpg, 13, 0, 273, 210, 15
000866.jpg, 204, 102, 270, 283, 15
000869.jpg, 140, 186, 165, 241, 15
000870.jpg, 0, 151, 273, 374, 15
000870.jpg, 224, 112, 404, 340, 15
000870.jpg, 172, 94, 193, 139, 15
000883.jpg, 166, 50, 213, 97, 15
000883.jpg, 208, 117, 238, 151, 15
000886.jpg, 26, 13, 367, 346, 15
000886.jpg, 454, 127, 487, 196, 15
000886.jpg, 465, 5, 488, 45, 15
000891.jpg, 71, 17, 279, 332, 15
000901.jpg, 34, 50, 261, 323, 15
000901.jpg, 321, 229, 369, 291, 15
000907.jpg, 124, 162, 194, 223, 15
000907.jpg, 205, 153, 343, 246, 15
000907.jpg, 171, 161, 236, 219, 15
000909.jpg, 102, 170, 257, 499, 15
000910.jpg, 231, 230, 356, 489, 15
000910.jpg, 17, 66, 212, 499, 15
000910.jpg, 97, 0, 200, 109, 15
000910.jpg, 123, 99, 413, 499, 15
000913.jpg, 0, 57, 464, 361, 15
000913.jpg, 0, 186, 180, 373, 15
000916.jpg, 111, 112, 158, 247, 15
000916.jpg, 4, 108, 22, 169, 15
000922.jpg, 234, 50, 346, 365, 15
000927.jpg, 85, 0, 359, 321, 15
000927.jpg, 274, 146, 406, 323, 15
000930.jpg, 178, 77, 334, 247, 15
000939.jpg, 37, 52, 348, 478, 15
000940.jpg, 0, 96, 186, 374, 15
000940.jpg, 181, 95, 419, 372, 15
000940.jpg, 101, 80, 244, 304, 15
000940.jpg, 219, 37, 248, 88, 15
000942.jpg, 216, 187, 272, 260, 15
000944.jpg, 246, 99, 365, 374, 15
000952.jpg, 184, 111, 410, 330, 15
000952.jpg, 12, 111, 226, 331, 15
000952.jpg, 457, 191, 498, 252, 15
000955.jpg, 148, 71, 405, 322, 15
000956.jpg, 176, 28, 435, 350, 15
000959.jpg, 311, 89, 499, 322, 15
000959.jpg, 94, 102, 411, 332, 15
000959.jpg, 0, 91, 138, 330, 15
000959.jpg, 68, 13, 208, 177, 15
000959.jpg, 177, 12, 380, 218, 15
000969.jpg, 0, 20, 344, 374, 15
000969.jpg, 182, 0, 499, 307, 15
000978.jpg, 204, 9, 408, 374, 15
000978.jpg, 96, 0, 252, 373, 15
000979.jpg, 83, 173, 184, 362, 15
000979.jpg, 0, 157, 77, 410, 15
000981.jpg, 37, 26, 286, 496, 15
000984.jpg, 61, 309, 126, 496, 15
000984.jpg, 44, 321, 62, 361, 15
000986.jpg, 193, 62, 272, 223, 15
000986.jpg, 326, 78, 344, 98, 15
000988.jpg, 74, 60, 451, 374, 15
000990.jpg, 14, 47, 257, 333, 15
000990.jpg, 177, 48, 467, 333, 15
001006.jpg, 0, 260, 67, 374, 15
001020.jpg, 76, 56, 251, 406, 15
001021.jpg, 1, 50, 180, 363, 15
001021.jpg, 175, 21, 449, 364, 15
001026.jpg, 138, 86, 327, 395, 15
001026.jpg, 87, 0, 205, 240, 15
001026.jpg, 197, 0, 298, 104, 15
001031.jpg, 49, 52, 238, 237, 15
001031.jpg, 34, 116, 114, 207, 15
001033.jpg, 149, 89, 316, 408, 15
001035.jpg, 291, 54, 428, 340, 15
001035.jpg, 207, 44, 309, 332, 15
001035.jpg, 1, 13, 24, 108, 15
001035.jpg, 334, 3, 361, 47, 15
001037.jpg, 50, 25, 153, 153, 15
001038.jpg, 134, 97, 477, 409, 15
001040.jpg, 118, 123, 237, 331, 15
001040.jpg, 363, 207, 491, 332, 15
001040.jpg, 209, 122, 358, 322, 15
001047.jpg, 341, 1, 492, 353, 15
001047.jpg, 208, 54, 329, 253, 15
001047.jpg, 104, 53, 222, 262, 15
001055.jpg, 139, 87, 424, 331, 15
001063.jpg, 209, 49, 321, 315, 15
001063.jpg, 157, 6, 185, 49, 15
001065.jpg, 0, 29, 258, 374, 15
001065.jpg, 126, 64, 469, 371, 15
001067.jpg, 86, 47, 202, 374, 15
001067.jpg, 222, 30, 413, 296, 15
001067.jpg, 172, 36, 276, 328, 15
001076.jpg, 101, 113, 259, 374, 15
001085.jpg, 10, 0, 88, 203, 15
001085.jpg, 117, 1, 171, 77, 15
001085.jpg, 443, 4, 484, 115, 15
001085.jpg, 174, 0, 194, 66, 15
001085.jpg, 398, 6, 424, 51, 15
001085.jpg, 422, 2, 451, 74, 15
001086.jpg, 1, 42, 269, 364, 15
001086.jpg, 299, 40, 499, 358, 15
001095.jpg, 262, 137, 361, 359, 15
001095.jpg, 181, 113, 275, 305, 15
001096.jpg, 171, 46, 334, 250, 15
001099.jpg, 430, 239, 459, 329, 15
001099.jpg, 408, 234, 431, 309, 15
001099.jpg, 68, 255, 93, 304, 15
001099.jpg, 86, 253, 104, 296, 15
001105.jpg, 206, 85, 400, 369, 15
001105.jpg, 423, 14, 499, 361, 15
001108.jpg, 98, 137, 215, 348, 15
001108.jpg, 210, 161, 326, 374, 15
001108.jpg, 303, 96, 455, 301, 15
001116.jpg, 33, 16, 473, 356, 15
001118.jpg, 157, 74, 440, 325, 15
001118.jpg, 15, 44, 235, 325, 15
001118.jpg, 439, 0, 483, 53, 15
001118.jpg, 104, 0, 174, 114, 15
001133.jpg, 241, 160, 414, 374, 15
001133.jpg, 167, 194, 265, 374, 15
001133.jpg, 58, 209, 195, 372, 15
001141.jpg, 53, 187, 97, 320, 15
001141.jpg, 216, 108, 245, 201, 15
001141.jpg, 12, 195, 53, 323, 15
001141.jpg, 143, 114, 175, 217, 15
001141.jpg, 168, 110, 196, 227, 15
001150.jpg, 23, 0, 251, 201, 15
001150.jpg, 101, 0, 462, 329, 15
001157.jpg, 424, 5, 461, 87, 15
001157.jpg, 460, 0, 491, 96, 15
001159.jpg, 232, 244, 327, 350, 15
001159.jpg, 177, 43, 215, 133, 15
001165.jpg, 249, 247, 310, 350, 15
001167.jpg, 160, 18, 476, 331, 15
001167.jpg, 0, 3, 134, 241, 15
001169.jpg, 200, 119, 392, 286, 15
001169.jpg, 96, 124, 260, 316, 15
001169.jpg, 133, 61, 207, 131, 15
001169.jpg, 196, 39, 275, 131, 15
001169.jpg, 127, 50, 336, 183, 15
001173.jpg, 0, 56, 161, 330, 15
001173.jpg, 229, 32, 496, 331, 15
001177.jpg, 247, 122, 448, 348, 15
001177.jpg, 95, 126, 274, 277, 15
001177.jpg, 241, 149, 271, 223, 15
001180.jpg, 88, 167, 332, 491, 15
001183.jpg, 227, 91, 283, 243, 15
001198.jpg, 475, 114, 498, 177, 15
001198.jpg, 357, 106, 383, 145, 15
001198.jpg, 380, 110, 408, 176, 15
001210.jpg, 282, 260, 307, 306, 15
001210.jpg, 7, 209, 48, 302, 15
001210.jpg, 223, 212, 254, 304, 15
001210.jpg, 195, 200, 224, 276, 15
001210.jpg, 277, 183, 301, 260, 15
001210.jpg, 468, 275, 499, 360, 15
001220.jpg, 69, 0, 413, 356, 15
001227.jpg, 268, 301, 316, 355, 15
001227.jpg, 46, 300, 82, 376, 15
001227.jpg, 110, 302, 137, 378, 15
001228.jpg, 13, 31, 117, 278, 15
001228.jpg, 290, 18, 357, 242, 15
001228.jpg, 342, 9, 490, 277, 15
001228.jpg, 138, 32, 211, 251, 15
001228.jpg, 188, 36, 282, 248, 15
001228.jpg, 416, 11, 458, 69, 15
001238.jpg, 173, 148, 264, 325, 15
001242.jpg, 29, 29, 390, 332, 15
001243.jpg, 88, 14, 279, 361, 15
001243.jpg, 115, 1, 148, 50, 15
001243.jpg, 48, 172, 245, 490, 15
001244.jpg, 11, 122, 218, 351, 15
001244.jpg, 332, 9, 493, 374, 15
001245.jpg, 191, 141, 231, 214, 15
001251.jpg, 94, 47, 359, 332, 15
001251.jpg, 0, 43, 106, 316, 15
001251.jpg, 120, 88, 149, 120, 15
001251.jpg, 0, 82, 22, 137, 15
001253.jpg, 240, 88, 374, 333, 15
001253.jpg, 1, 127, 23, 190, 15
001256.jpg, 384, 190, 432, 355, 15
001256.jpg, 233, 172, 261, 215, 15
001261.jpg, 66, 22, 331, 374, 15
001261.jpg, 292, 63, 487, 370, 15
001267.jpg, 201, 211, 223, 269, 15
001267.jpg, 228, 197, 268, 265, 15
001271.jpg, 294, 0, 415, 123, 15
001271.jpg, 172, 0, 218, 63, 15
001271.jpg, 0, 0, 32, 194, 15
001271.jpg, 35, 1, 74, 150, 15
001282.jpg, 31, 58, 155, 324, 15
001282.jpg, 203, 39, 386, 332, 15
001296.jpg, 178, 41, 333, 299, 15
001297.jpg, 172, 85, 320, 228, 15
001297.jpg, 89, 69, 342, 499, 15
001297.jpg, 0, 110, 191, 460, 15
001301.jpg, 327, 12, 427, 369, 15
001303.jpg, 21, 0, 347, 374, 15
001307.jpg, 41, 10, 236, 324, 15
001307.jpg, 389, 67, 474, 308, 15
001307.jpg, 341, 81, 378, 146, 15
001307.jpg, 381, 85, 404, 126, 15
001307.jpg, 465, 77, 495, 144, 15
001307.jpg, 284, 69, 358, 203, 15
001319.jpg, 108, 94, 248, 342, 15
001320.jpg, 239, 50, 295, 214, 15
001336.jpg, 124, 27, 301, 244, 15
001340.jpg, 75, 118, 268, 365, 15
001340.jpg, 197, 109, 392, 362, 15
001342.jpg, 322, 167, 473, 319, 15
001347.jpg, 217, 53, 487, 361, 15
001347.jpg, 82, 59, 298, 363, 15
001351.jpg, 393, 89, 499, 374, 15
001351.jpg, 135, 168, 251, 342, 15
001351.jpg, 39, 129, 146, 330, 15
001351.jpg, 48, 130, 80, 201, 15
001353.jpg, 0, 22, 87, 330, 15
001353.jpg, 85, 0, 338, 332, 15
001354.jpg, 0, 62, 131, 265, 15
001354.jpg, 184, 66, 383, 269, 15
001354.jpg, 106, 42, 184, 238, 15
001357.jpg, 106, 22, 233, 251, 15
001357.jpg, 294, 27, 312, 66, 15
001358.jpg, 60, 84, 195, 275, 15
001358.jpg, 112, 50, 146, 87, 15
001358.jpg, 183, 149, 298, 252, 15
001358.jpg, 0, 48, 23, 113, 15
001358.jpg, 0, 86, 25, 191, 15
001363.jpg, 236, 95, 302, 195, 15
001363.jpg, 368, 97, 423, 171, 15
001363.jpg, 297, 97, 354, 194, 15
001366.jpg, 56, 175, 123, 338, 15
001366.jpg, 288, 141, 381, 323, 15
001366.jpg, 221, 151, 258, 278, 15
001366.jpg, 267, 135, 319, 289, 15
001368.jpg, 85, 16, 293, 320, 15
001370.jpg, 138, 47, 332, 428, 15
001370.jpg, 11, 62, 241, 398, 15
001372.jpg, 186, 65, 308, 478, 15
001372.jpg, 297, 111, 326, 254, 15
001376.jpg, 200, 176, 310, 374, 15
001382.jpg, 76, 225, 102, 300, 15
001382.jpg, 3, 231, 21, 319, 15
001382.jpg, 53, 239, 74, 321, 15
001396.jpg, 279, 204, 314, 298, 15
001396.jpg, 233, 192, 262, 282, 15
001403.jpg, 97, 132, 134, 224, 15
001403.jpg, 62, 141, 102, 230, 15
001403.jpg, 376, 135, 419, 263, 15
001403.jpg, 326, 138, 376, 281, 15
001403.jpg, 185, 134, 239, 280, 15
001403.jpg, 231, 110, 268, 238, 15
001411.jpg, 196, 13, 493, 323, 15
001411.jpg, 2, 86, 164, 299, 15
001411.jpg, 151, 31, 293, 312, 15
001412.jpg, 200, 81, 311, 294, 15
001417.jpg, 186, 43, 313, 201, 15
001419.jpg, 147, 14, 330, 435, 15
001419.jpg, 42, 32, 208, 261, 15
