000011
000028
000049
000053
000092
000098
000114
000119
000136
000157
000213
000227
000292
000365
000401
000442
000517
000542
000638
000651
000673
000741
000803
000877
000928
000998
001019
001032
001048
001075
001098
001128
001132
001173
001208
001216
001228
001249
001313
001381
001389
001392
001401
001428
001462
001520
001542
001573
001592
001663
001694
001702
001731
001762
001763
001774
001790
001835
001874
001890
001909
001966
001973
002003
002038
002048
002059
002084
002106
002113
002147
002162
002167
002205
002222
002254
002275
002303
002304
002312
002388
002394
002430
002440
002453
002552
002597
002616
002620
002642
002694
002736
002740
002787
002926
002936
002959
002970
003019
003080
003119
003166
003198
003227
003238
003287
003319
003371
003427
003480
003504
003540
003560
003615
003647
003724
003778
003782
003804
003812
003813
003816
003870
003880
003906
003925
003958
004029
004044
004048
004114
004116
004161
004165
004188
004252
004308
004316
004353
004427
004444
004467
004489
004504
004511
004515
004577
004658
004677
004700
004720
004736
004759
004809
004845
004851
004888
004934
004975
005012
005038
005089
005109
005118
005155
005196
005200
005201
005228
005300
005309
005317
005356
005415
005444
005452
005460
005462
005474
005538
005543
005562
005580
005581
005607
005621
005646
005688
005820
005832
005872
005891
005936
005939
005949
005957
005962
005977
006052
006063
006064
006080
006090
006114
006144
006211
006253
006265
006280
006303
006308
006336
006394
006439
006451
006494
006498
006545
006558
006571
006596
006641
006675
006688
006743
006774
006801
006818
006820
006871
006894
006960
006979
006985
006999
007027
007041
007063
007098
007145
007199
007221
007238
007291
007321
007331
007332
007360
007409
007441
007463
007487
007542
007574
007638
007661
007733
007811
007823
007829
007867
007880
007938
008011
008089
008110
008182
008240
008267
008361
008496
008497
008516
008525
008539
008575
008703
008737
008767
008787
008830
008846
008860
008875
008906
008924
008935
008972
008996
009057
009090
009107
009132
009183
009216
009234
009256
009310
009346
009352
009403
009431
009483
009489
009522
009544
009552
009575
009589
009630
009640
009646
009669
009672
009720
009753
009765
009786
009814
009820
009875
009956
