000001
000018
000029
000037
000075
000079
000086
000108
000167
000183
000205
000255
000258
000290
000324
000362
000422
000478
000506
000517
000533
000546
000551
000611
000692
000716
000718
000722
000734
000751
000759
000785
000853
000897
000913
000957
000963
000975
001000
001026
001037
001044
001054
001075
001088
001123
001131
001146
001150
001190
001195
001202
001217
001220
001232
001257
001282
001306
001322
001328
001339
001340
001353
001366
001507
001549
001562
001601
001639
001655
001656
001657
001731
001751
001763
001767
001824
001851
001866
001914
001984
001992
002076
002111
002131
002133
002138
002141
002160
002200
002203
002207
002243
002254
002286
002327
002341
002396
002408
002428
002447
002464
002485
002535
002541
002574
002587
002597
002652
002663
002708
002720
002725
002768
002805
002831
002849
002852
002853
002860
002876
002923
002964
002973
003040
003095
003114
003125
003156
003171
003174
003180
003224
003246
003264
003266
003283
003310
003326
003332
003352
003361
003418
003440
003447
003472
003479
003490
003533
003592
003672
003693
003712
003728
003737
003739
003762
003785
003794
003805
003819
003854
003881
003888
003901
003920
003933
003964
003977
003980
004002
004004
004021
004029
004062
004079
004086
004112
004130
004157
004166
004202
004218
004226
004267
004277
004288
004297
004306
004343
004401
004419
004428
004465
004472
004501
004545
004569
004593
004620
004621
004670
004696
004758
004767
004787
004925
004945
004979
004993
005010
005012
005050
005051
005082
005092
005117
005127
005149
005152
005165
005193
005194
005225
005241
005277
005308
005321
005361
005394
005400
005426
005446
005476
005482
005512
005528
005557
005602
005651
005671
005684
005692
005703
005712
005744
005776
005785
005810
005835
005892
005913
005937
005955
005997
006007
006037
006039
006044
006099
006112
006149
006167
006182
006194
006227
006245
006253
006266
006273
006315
006328
006354
006399
006403
006457
006479
006487
006537
006568
006571
006580
006607
006655
006767
006791
006815
006846
006870
006877
006902
006915
006928
006961
006969
006991
006998
007017
007024
007081
007099
007181
007183
007190
007209
007231
007254
007312
007384
007418
007434
007453
007485
007515
007560
007583
007588
007596
007625
007659
007689
007695
007703
007716
007770
007787
007794
007802
007827
007828
007875
007879
007907
007930
007962
007969
008025
008054
008071
008080
008102
008149
008167
008172
008176
008178
008181
008201
008238
008259
008328
008340
008356
008419
008420
008441
008489
008491
008493
008532
008544
008594
008599
008603
008613
008637
008641
008649
008651
008656
008674
008705
008762
008781
008792
008827
008875
008889
008898
008907
008964
008977
009014
009025
009061
009084
009103
009142
009176
009190
009199
009204
009233
009235
009276
009383
009442
009449
009485
009513
009556
009572
009583
009592
009604
009624
009660
009744
009786
009787
009799
009802
009826
009889
009899
009907
009922
009952
