00004
00014
00071
00074
00082
00103
00135
00137
00152
00172
00188
00197
00240
00252
00254
00271
00284
00293
00300
00301
00313
00341
00351
00358
00361
00390
00402
00415
00425
00440
00453
00465
00471
00488
00505
00507
00548
00580
00585
00586
00593
00602
00607
00624
00634
00646
00649
00669
00679
00687
00693
00715
00721
00724
00727
00736
00743
00747
00757
00778
00788
00801
00809
00844
00881
00883
00894
00932
00945
00961
00984
00985
01003
01005
01022
01034
01058
01080
01085
01090
01111
01135
01198
01222
01252
01267
01280
01283
01291
01308
01321
01331
01335
01356
01358
01369
01376
01379
01382
01394
01422
01428
01435
01476
01491
01511
01525
01535
01550
01552
01560
01569
01572
01605
01613
01616
01619
01623
01658
01700
01701
01770
01776
01804
01820
01838
01846
01851
01857
01863
01873
01883
01891
01908
01913
01919
01923
01924
01935
01942
01951
01956
01965
01991
02040
02041
02057
02118
02141
02143
02149
02154
02177
02185
02210
02232
02242
02245
02271
02294
02319
02331
02346
02349
02358
02370
02383
02402
02406
02416
02424
02446
02484
02517
02522
02526
02531
02532
02543
02548
02556
02562
02577
02583
02602
02607
02610
02622
02681
02701
02703
02729
02733
02740
02746
02758
02789
02790
02793
02808
02814
02829
02840
02871
02900
02927
02961
02993
03006
03033
03046
03052
03055
03070
03101
03109
03128
03143
03168
03179
03217
03220
03257
03265
03276
03289
03306
03321
03328
03334
03348
03353
03357
03364
03375
03385
03387
03405
03414
03434
03456
03460
03476
03481
03483
03486
03501
03503
03512
03515
03517
03523
03527
03545
03552
03553
03559
03570
03578
03607
03630
03631
03661
03666
03677
03683
03692
03701
03718
03719
03733
03746
03769
03810
03815
03833
03878
03893
03904
03916
03917
03940
03962
03967
04026
04030
04043
04050
04071
04080
04088
04097
04104
04107
04115
04147
04154
04172
04183
04187
04188
04216
04217
04240
04245
04249
04254
04290
04305
04313
04320
04335
04337
04378
04426
04442
04453
04456
04458
04478
04492
04521
04543
04545
04554
04560
04578
04580
04586
04596
04602
04615
04667
04684
04688
04697
04731
04734
04745
04755
04763
04764
04780
04800
04806
04810
04821
04844
04860
04870
04891
04927
04933
04940
04959
04965
04981
04996
05005
05021
05030
05035
05041
05074
05083
05091
05099
05105
05125
05126
05142
05157
05158
05166
05192
05204
05275
05287
05296
05316
05333
05357
05372
05401
05432
05437
05443
05447
05468
05484
05493
05501
05520
05523
05546
05558
05627
05638
05649
05663
05678
05694
05706
05708
05717
05746
05763
05770
05775
05793
05809
05835
05842
05862
05869
05904
05924
05929
05932
05959
05974
05987
06006
06016
06017
06019
06024
06034
06047
06082
06094
06109
06113
06121
06137
06155
06213
06228
06242
06246
06256
06283
06324
06326
06331
06333
06334
06340
06358
06376
06383
06386
06397
06405
06415
06420
06423
06435
06441
06454
06469
06481
06493
06502
06510
06525
06527
06567
06581
06590
06634
06653
06685
06693
06717
06724
06733
06741
06749
06754
06757
06785
06790
06853
06854
06882
06890
06907
06925
06955
06970
06974
06996
07001
07014
07015
07034
07061
07082
07085
07112
07118
07126
07143
07164
07176
07179
07242
07246
07267
07273
07278
07281
07282
07288
07304
07337
07339
07358
07362
07368
07386
07399
07423
07429
07447
07452
07459
07478
07501
07507
07510
07518
07522
07556
07562
07580
07589
07613
07617
07634
07665
07693
07701
07714
07734
07757
07761
07797
07800
07807
07818
07839
07844
07861
07866
07882
07906
07927
07948
07960
07961
07967
07992
08006
08020
08030
08035
08047
08052
08088
08104
08114
08120
08126
08129
08133
08135
08136
08143
08152
08158
08161
08212
08215
08231
08246
08259
08270
08271
08276
08283
08289
08290
08324
08353
08357
08363
08375
08378
08383
08408
08414
08421
08432
08447
08464
08479
08481
08488
08504
08548
08560
08593
08609
08622
08632
08657
08658
08668
08682
08684
08693
08694
08708
08711
08715
08724
08734
08777
08785
08788
08797
08800
08824
08828
08829
08895
08896
08903
08910
08915
09008
09023
09033
09052
09071
09077
09081
09092
09096
09111
09119
09122
09125
09134
09140
09149
09156
09182
09201
09206
09210
09241
09243
09261
09267
09284
09302
09321
09322
09335
09341
09360
09376
09381
09384
09387
09396
09426
09427
09430
09475
09492
09530
09536
09564
09590
09593
09599
09601
09643
09652
09675
09680
09688
09694
09701
09704
09705
09723
09740
09757
09770
09777
09779
09804
09806
09821
09827
09829
09847
09849
09856
09873
09883
09895
09903
09927
09943
09963
