000038
000055
000058
000094
000111
000201
000264
000348
000353
000364
000467
000497
000532
000553
000570
000630
000655
000775
000873
000894
000979
001031
001134
001157
001264
001285
001296
001301
001357
001446
001447
001476
001502
001516
001619
001658
001679
001709
001737
001744
001796
001798
001889
001916
001998
002105
002130
002185
002379
002488
002495
002507
002568
002592
002602
002612
002686
002739
002793
002797
002806
002808
002823
002830
002999
003305
003333
003340
003342
003393
003495
003505
003538
003563
003578
003670
003677
003730
003810
003833
003989
004070
004151
004198
004213
004214
004243
004305
004448
004475
004560
004616
004641
004650
004725
004729
004738
004800
004822
004833
004864
004870
004917
004942
005041
005087
005133
005163
005166
005188
005197
005316
005332
005347
005354
005435
005468
005479
005492
005506
005534
005553
005571
005595
005678
005707
005708
005724
005759
005774
005787
005798
005816
005931
006008
006059
006083
006119
006193
006200
006431
006469
006531
006561
006567
006613
006796
006823
006920
006921
006951
007307
007338
007355
007368
007550
007553
007593
007645
007783
007792
007848
007978
007983
008003
008021
008034
008195
008227
008230
008242
008273
008324
008455
008579
008597
008619
008623
008648
008689
008694
008824
008828
008845
008852
008868
008877
008901
008952
008994
009008
009041
009044
009047
009050
009065
009069
009084
009139
009145
009152
009229
009277
009293
009302
009317
009322
009338
009361
009441
009495
009563
009639
009657
009673
009674
009705
009850
009857
009890
009924
009960
